pos_x,pos_y,pos_z,vel_x,vel_y,vel_z
-4.7749999999999995,-2.775,-9.45463295,0.0,0.0,-0.29889999999999983
-4.324999999999999,-2.775,-9.45463295,0.0,0.0,-0.29889999999999983
-3.8749999999999996,-2.775,-9.45463295,0.0,0.0,-0.29889999999999983
-3.4249999999999994,-2.775,-9.45463295,0.0,0.0,-0.29889999999999983
-2.9749999999999996,-2.775,-9.45463295,0.0,0.0,-0.29889999999999983
-2.5249999999999995,-2.775,-9.45463295,0.0,0.0,-0.29889999999999983
-2.0749999999999993,-2.775,-9.45463295,0.0,0.0,-0.29889999999999983
-1.6249999999999996,-2.775,-9.45463295,0.0,0.0,-0.29889999999999983
-1.1749999999999994,-2.775,-9.45463295,0.0,0.0,-0.29889999999999983
-0.7249999999999996,-2.775,-9.45463295,0.0,0.0,-0.29889999999999983
-0.27499999999999947,-2.775,-9.45463295,0.0,0.0,-0.29889999999999983
-4.7749999999999995,-2.3249999999999997,-9.45463295,0.0,0.0,-0.29889999999999983
-4.324999999999999,-2.3249999999999997,-9.45463295,0.0,0.0,-0.29889999999999983
-3.8749999999999996,-2.3249999999999997,-9.45463295,0.0,0.0,-0.29889999999999983
-3.4249999999999994,-2.3249999999999997,-9.45463295,0.0,0.0,-0.29889999999999983
-2.9749999999999996,-2.3249999999999997,-9.45463295,0.0,0.0,-0.29889999999999983
-2.5249999999999995,-2.3249999999999997,-9.45463295,0.0,0.0,-0.29889999999999983
-2.0749999999999993,-2.3249999999999997,-9.45463295,0.0,0.0,-0.29889999999999983
-1.6249999999999996,-2.3249999999999997,-9.45463295,0.0,0.0,-0.29889999999999983
-1.1749999999999994,-2.3249999999999997,-9.45463295,0.0,0.0,-0.29889999999999983
-0.7249999999999996,-2.3249999999999997,-9.45463295,0.0,0.0,-0.29889999999999983
-0.27499999999999947,-2.3249999999999997,-9.45463295,0.0,0.0,-0.29889999999999983
-4.7749999999999995,-1.875,-9.45463295,0.0,0.0,-0.29889999999999983
-4.324999999999999,-1.875,-9.45463295,0.0,0.0,-0.29889999999999983
-3.8749999999999996,-1.875,-9.45463295,0.0,0.0,-0.29889999999999983
-3.4249999999999994,-1.875,-9.45463295,0.0,0.0,-0.29889999999999983
-2.9749999999999996,-1.875,-9.45463295,0.0,0.0,-0.29889999999999983
-2.5249999999999995,-1.875,-9.45463295,0.0,0.0,-0.29889999999999983
-2.0749999999999993,-1.875,-9.45463295,0.0,0.0,-0.29889999999999983
-1.6249999999999996,-1.875,-9.45463295,0.0,0.0,-0.29889999999999983
-1.1749999999999994,-1.875,-9.45463295,0.0,0.0,-0.29889999999999983
-0.7249999999999996,-1.875,-9.45463295,0.0,0.0,-0.29889999999999983
-0.27499999999999947,-1.875,-9.45463295,0.0,0.0,-0.29889999999999983
-4.7749999999999995,-1.4249999999999998,-9.45463295,0.0,0.0,-0.29889999999999983
-4.324999999999999,-1.4249999999999998,-9.45463295,0.0,0.0,-0.29889999999999983
-3.8749999999999996,-1.4249999999999998,-9.45463295,0.0,0.0,-0.29889999999999983
-3.4249999999999994,-1.4249999999999998,-9.45463295,0.0,0.0,-0.29889999999999983
-2.9749999999999996,-1.4249999999999998,-9.45463295,0.0,0.0,-0.29889999999999983
-2.5249999999999995,-1.4249999999999998,-9.45463295,0.0,0.0,-0.29889999999999983
-2.0749999999999993,-1.4249999999999998,-9.45463295,0.0,0.0,-0.29889999999999983
-1.6249999999999996,-1.4249999999999998,-9.45463295,0.0,0.0,-0.29889999999999983
-1.1749999999999994,-1.4249999999999998,-9.45463295,0.0,0.0,-0.29889999999999983
-0.7249999999999996,-1.4249999999999998,-9.45463295,0.0,0.0,-0.29889999999999983
-0.27499999999999947,-1.4249999999999998,-9.45463295,0.0,0.0,-0.29889999999999983
-4.7749999999999995,-0.9749999999999999,-9.45463295,0.0,0.0,-0.29889999999999983
-4.324999999999999,-0.9749999999999999,-9.45463295,0.0,0.0,-0.29889999999999983
-3.8749999999999996,-0.9749999999999999,-9.45463295,0.0,0.0,-0.29889999999999983
-3.4249999999999994,-0.9749999999999999,-9.45463295,0.0,0.0,-0.29889999999999983
-2.9749999999999996,-0.9749999999999999,-9.45463295,0.0,0.0,-0.29889999999999983
-2.5249999999999995,-0.9749999999999999,-9.45463295,0.0,0.0,-0.29889999999999983
-2.0749999999999993,-0.9749999999999999,-9.45463295,0.0,0.0,-0.29889999999999983
-1.6249999999999996,-0.9749999999999999,-9.45463295,0.0,0.0,-0.29889999999999983
-1.1749999999999994,-0.9749999999999999,-9.45463295,0.0,0.0,-0.29889999999999983
-0.7249999999999996,-0.9749999999999999,-9.45463295,0.0,0.0,-0.29889999999999983
-0.27499999999999947,-0.9749999999999999,-9.45463295,0.0,0.0,-0.29889999999999983
-4.7749999999999995,-0.5249999999999999,-9.45463295,0.0,0.0,-0.29889999999999983
-4.324999999999999,-0.5249999999999999,-9.45463295,0.0,0.0,-0.29889999999999983
-3.8749999999999996,-0.5249999999999999,-9.45463295,0.0,0.0,-0.29889999999999983
-3.4249999999999994,-0.5249999999999999,-9.45463295,0.0,0.0,-0.29889999999999983
-2.9749999999999996,-0.5249999999999999,-9.45463295,0.0,0.0,-0.29889999999999983
-2.5249999999999995,-0.5249999999999999,-9.45463295,0.0,0.0,-0.29889999999999983
-2.0749999999999993,-0.5249999999999999,-9.45463295,0.0,0.0,-0.29889999999999983
-1.6249999999999996,-0.5249999999999999,-9.45463295,0.0,0.0,-0.29889999999999983
-1.1749999999999994,-0.5249999999999999,-9.45463295,0.0,0.0,-0.29889999999999983
-0.7249999999999996,-0.5249999999999999,-9.45463295,0.0,0.0,-0.29889999999999983
-0.27499999999999947,-0.5249999999999999,-9.45463295,0.0,0.0,-0.29889999999999983
-4.7749999999999995,-0.07499999999999973,-9.45463295,0.0,0.0,-0.29889999999999983
-4.324999999999999,-0.07499999999999973,-9.45463295,0.0,0.0,-0.29889999999999983
-3.8749999999999996,-0.07499999999999973,-9.45463295,0.0,0.0,-0.29889999999999983
-3.4249999999999994,-0.07499999999999973,-9.45463295,0.0,0.0,-0.29889999999999983
-2.9749999999999996,-0.07499999999999973,-9.45463295,0.0,0.0,-0.29889999999999983
-2.5249999999999995,-0.07499999999999973,-9.45463295,0.0,0.0,-0.29889999999999983
-2.0749999999999993,-0.07499999999999973,-9.45463295,0.0,0.0,-0.29889999999999983
-1.6249999999999996,-0.07499999999999973,-9.45463295,0.0,0.0,-0.29889999999999983
-1.1749999999999994,-0.07499999999999973,-9.45463295,0.0,0.0,-0.29889999999999983
-0.7249999999999996,-0.07499999999999973,-9.45463295,0.0,0.0,-0.29889999999999983
-0.27499999999999947,-0.07499999999999973,-9.45463295,0.0,0.0,-0.29889999999999983
-4.7749999999999995,0.375,-9.45463295,0.0,0.0,-0.29889999999999983
-4.324999999999999,0.375,-9.45463295,0.0,0.0,-0.29889999999999983
-3.8749999999999996,0.375,-9.45463295,0.0,0.0,-0.29889999999999983
-3.4249999999999994,0.375,-9.45463295,0.0,0.0,-0.29889999999999983
-2.9749999999999996,0.375,-9.45463295,0.0,0.0,-0.29889999999999983
-2.5249999999999995,0.375,-9.45463295,0.0,0.0,-0.29889999999999983
-2.0749999999999993,0.375,-9.45463295,0.0,0.0,-0.29889999999999983
-1.6249999999999996,0.375,-9.45463295,0.0,0.0,-0.29889999999999983
-1.1749999999999994,0.375,-9.45463295,0.0,0.0,-0.29889999999999983
-0.7249999999999996,0.375,-9.45463295,0.0,0.0,-0.29889999999999983
-0.27499999999999947,0.375,-9.45463295,0.0,0.0,-0.29889999999999983
-4.7749999999999995,0.8250000000000002,-9.45463295,0.0,0.0,-0.29889999999999983
-4.324999999999999,0.8250000000000002,-9.45463295,0.0,0.0,-0.29889999999999983
-3.8749999999999996,0.8250000000000002,-9.45463295,0.0,0.0,-0.29889999999999983
-3.4249999999999994,0.8250000000000002,-9.45463295,0.0,0.0,-0.29889999999999983
-2.9749999999999996,0.8250000000000002,-9.45463295,0.0,0.0,-0.29889999999999983
-2.5249999999999995,0.8250000000000002,-9.45463295,0.0,0.0,-0.29889999999999983
-2.0749999999999993,0.8250000000000002,-9.45463295,0.0,0.0,-0.29889999999999983
-1.6249999999999996,0.8250000000000002,-9.45463295,0.0,0.0,-0.29889999999999983
-1.1749999999999994,0.8250000000000002,-9.45463295,0.0,0.0,-0.29889999999999983
-0.7249999999999996,0.8250000000000002,-9.45463295,0.0,0.0,-0.29889999999999983
-0.27499999999999947,0.8250000000000002,-9.45463295,0.0,0.0,-0.29889999999999983
-4.7749999999999995,1.275,-9.45463295,0.0,0.0,-0.29889999999999983
-4.324999999999999,1.275,-9.45463295,0.0,0.0,-0.29889999999999983
-3.8749999999999996,1.275,-9.45463295,0.0,0.0,-0.29889999999999983
-3.4249999999999994,1.275,-9.45463295,0.0,0.0,-0.29889999999999983
-2.9749999999999996,1.275,-9.45463295,0.0,0.0,-0.29889999999999983
-2.5249999999999995,1.275,-9.45463295,0.0,0.0,-0.29889999999999983
-2.0749999999999993,1.275,-9.45463295,0.0,0.0,-0.29889999999999983
-1.6249999999999996,1.275,-9.45463295,0.0,0.0,-0.29889999999999983
-1.1749999999999994,1.275,-9.45463295,0.0,0.0,-0.29889999999999983
-0.7249999999999996,1.275,-9.45463295,0.0,0.0,-0.29889999999999983
-0.27499999999999947,1.275,-9.45463295,0.0,0.0,-0.29889999999999983
-4.7749999999999995,1.725,-9.45463295,0.0,0.0,-0.29889999999999983
-4.324999999999999,1.725,-9.45463295,0.0,0.0,-0.29889999999999983
-3.8749999999999996,1.725,-9.45463295,0.0,0.0,-0.29889999999999983
-3.4249999999999994,1.725,-9.45463295,0.0,0.0,-0.29889999999999983
-2.9749999999999996,1.725,-9.45463295,0.0,0.0,-0.29889999999999983
-2.5249999999999995,1.725,-9.45463295,0.0,0.0,-0.29889999999999983
-2.0749999999999993,1.725,-9.45463295,0.0,0.0,-0.29889999999999983
-1.6249999999999996,1.725,-9.45463295,0.0,0.0,-0.29889999999999983
-1.1749999999999994,1.725,-9.45463295,0.0,0.0,-0.29889999999999983
-0.7249999999999996,1.725,-9.45463295,0.0,0.0,-0.29889999999999983
-0.27499999999999947,1.725,-9.45463295,0.0,0.0,-0.29889999999999983
-4.7749999999999995,2.1750000000000003,-9.45463295,0.0,0.0,-0.29889999999999983
-4.324999999999999,2.1750000000000003,-9.45463295,0.0,0.0,-0.29889999999999983
-3.8749999999999996,2.1750000000000003,-9.45463295,0.0,0.0,-0.29889999999999983
-3.4249999999999994,2.1750000000000003,-9.45463295,0.0,0.0,-0.29889999999999983
-2.9749999999999996,2.1750000000000003,-9.45463295,0.0,0.0,-0.29889999999999983
-2.5249999999999995,2.1750000000000003,-9.45463295,0.0,0.0,-0.29889999999999983
-2.0749999999999993,2.1750000000000003,-9.45463295,0.0,0.0,-0.29889999999999983
-1.6249999999999996,2.1750000000000003,-9.45463295,0.0,0.0,-0.29889999999999983
-1.1749999999999994,2.1750000000000003,-9.45463295,0.0,0.0,-0.29889999999999983
-0.7249999999999996,2.1750000000000003,-9.45463295,0.0,0.0,-0.29889999999999983
-0.27499999999999947,2.1750000000000003,-9.45463295,0.0,0.0,-0.29889999999999983
-4.7749999999999995,2.6250000000000004,-9.45463295,0.0,0.0,-0.29889999999999983
-4.324999999999999,2.6250000000000004,-9.45463295,0.0,0.0,-0.29889999999999983
-3.8749999999999996,2.6250000000000004,-9.45463295,0.0,0.0,-0.29889999999999983
-3.4249999999999994,2.6250000000000004,-9.45463295,0.0,0.0,-0.29889999999999983
-2.9749999999999996,2.6250000000000004,-9.45463295,0.0,0.0,-0.29889999999999983
-2.5249999999999995,2.6250000000000004,-9.45463295,0.0,0.0,-0.29889999999999983
-2.0749999999999993,2.6250000000000004,-9.45463295,0.0,0.0,-0.29889999999999983
-1.6249999999999996,2.6250000000000004,-9.45463295,0.0,0.0,-0.29889999999999983
-1.1749999999999994,2.6250000000000004,-9.45463295,0.0,0.0,-0.29889999999999983
-0.7249999999999996,2.6250000000000004,-9.45463295,0.0,0.0,-0.29889999999999983
-0.27499999999999947,2.6250000000000004,-9.45463295,0.0,0.0,-0.29889999999999983
-4.725,-2.725,-8.904632950000002,0.0,0.0,-0.29889999999999983
-4.2749999999999995,-2.725,-8.904632950000002,0.0,0.0,-0.29889999999999983
-3.8249999999999997,-2.725,-8.904632950000002,0.0,0.0,-0.29889999999999983
-3.3749999999999996,-2.725,-8.904632950000002,0.0,0.0,-0.29889999999999983
-2.925,-2.725,-8.904632950000002,0.0,0.0,-0.29889999999999983
-2.4749999999999996,-2.725,-8.904632950000002,0.0,0.0,-0.29889999999999983
-2.0249999999999995,-2.725,-8.904632950000002,0.0,0.0,-0.29889999999999983
-1.5749999999999995,-2.725,-8.904632950000002,0.0,0.0,-0.29889999999999983
-1.1249999999999993,-2.725,-8.904632950000002,0.0,0.0,-0.29889999999999983
-0.6749999999999996,-2.725,-8.904632950000002,0.0,0.0,-0.29889999999999983
-0.22499999999999948,-2.725,-8.904632950000002,0.0,0.0,-0.29889999999999983
-4.725,-2.275,-8.904632950000002,0.0,0.0,-0.29889999999999983
-4.2749999999999995,-2.275,-8.904632950000002,0.0,0.0,-0.29889999999999983
-3.8249999999999997,-2.275,-8.904632950000002,0.0,0.0,-0.29889999999999983
-3.3749999999999996,-2.275,-8.904632950000002,0.0,0.0,-0.29889999999999983
-2.925,-2.275,-8.904632950000002,0.0,0.0,-0.29889999999999983
-2.4749999999999996,-2.275,-8.904632950000002,0.0,0.0,-0.29889999999999983
-2.0249999999999995,-2.275,-8.904632950000002,0.0,0.0,-0.29889999999999983
-1.5749999999999995,-2.275,-8.904632950000002,0.0,0.0,-0.29889999999999983
-1.1249999999999993,-2.275,-8.904632950000002,0.0,0.0,-0.29889999999999983
-0.6749999999999996,-2.275,-8.904632950000002,0.0,0.0,-0.29889999999999983
-0.22499999999999948,-2.275,-8.904632950000002,0.0,0.0,-0.29889999999999983
-4.725,-1.825,-8.904632950000002,0.0,0.0,-0.29889999999999983
-4.2749999999999995,-1.825,-8.904632950000002,0.0,0.0,-0.29889999999999983
-3.8249999999999997,-1.825,-8.904632950000002,0.0,0.0,-0.29889999999999983
-3.3749999999999996,-1.825,-8.904632950000002,0.0,0.0,-0.29889999999999983
-2.925,-1.825,-8.904632950000002,0.0,0.0,-0.29889999999999983
-2.4749999999999996,-1.825,-8.904632950000002,0.0,0.0,-0.29889999999999983
-2.0249999999999995,-1.825,-8.904632950000002,0.0,0.0,-0.29889999999999983
-1.5749999999999995,-1.825,-8.904632950000002,0.0,0.0,-0.29889999999999983
-1.1249999999999993,-1.825,-8.904632950000002,0.0,0.0,-0.29889999999999983
-0.6749999999999996,-1.825,-8.904632950000002,0.0,0.0,-0.29889999999999983
-0.22499999999999948,-1.825,-8.904632950000002,0.0,0.0,-0.29889999999999983
-4.725,-1.3749999999999998,-8.904632950000002,0.0,0.0,-0.29889999999999983
-4.2749999999999995,-1.3749999999999998,-8.904632950000002,0.0,0.0,-0.29889999999999983
-3.8249999999999997,-1.3749999999999998,-8.904632950000002,0.0,0.0,-0.29889999999999983
-3.3749999999999996,-1.3749999999999998,-8.904632950000002,0.0,0.0,-0.29889999999999983
-2.925,-1.3749999999999998,-8.904632950000002,0.0,0.0,-0.29889999999999983
-2.4749999999999996,-1.3749999999999998,-8.904632950000002,0.0,0.0,-0.29889999999999983
-2.0249999999999995,-1.3749999999999998,-8.904632950000002,0.0,0.0,-0.29889999999999983
-1.5749999999999995,-1.3749999999999998,-8.904632950000002,0.0,0.0,-0.29889999999999983
-1.1249999999999993,-1.3749999999999998,-8.904632950000002,0.0,0.0,-0.29889999999999983
-0.6749999999999996,-1.3749999999999998,-8.904632950000002,0.0,0.0,-0.29889999999999983
-0.22499999999999948,-1.3749999999999998,-8.904632950000002,0.0,0.0,-0.29889999999999983
-4.725,-0.9249999999999998,-8.904632950000002,0.0,0.0,-0.29889999999999983
-4.2749999999999995,-0.9249999999999998,-8.904632950000002,0.0,0.0,-0.29889999999999983
-3.8249999999999997,-0.9249999999999998,-8.904632950000002,0.0,0.0,-0.29889999999999983
-3.3749999999999996,-0.9249999999999998,-8.904632950000002,0.0,0.0,-0.29889999999999983
-2.925,-0.9249999999999998,-8.904632950000002,0.0,0.0,-0.29889999999999983
-2.4749999999999996,-0.9249999999999998,-8.904632950000002,0.0,0.0,-0.29889999999999983
-2.0249999999999995,-0.9249999999999998,-8.904632950000002,0.0,0.0,-0.29889999999999983
-1.5749999999999995,-0.9249999999999998,-8.904632950000002,0.0,0.0,-0.29889999999999983
-1.1249999999999993,-0.9249999999999998,-8.904632950000002,0.0,0.0,-0.29889999999999983
-0.6749999999999996,-0.9249999999999998,-8.904632950000002,0.0,0.0,-0.29889999999999983
-0.22499999999999948,-0.9249999999999998,-8.904632950000002,0.0,0.0,-0.29889999999999983
-4.725,-0.4749999999999999,-8.904632950000002,0.0,0.0,-0.29889999999999983
-4.2749999999999995,-0.4749999999999999,-8.904632950000002,0.0,0.0,-0.29889999999999983
-3.8249999999999997,-0.4749999999999999,-8.904632950000002,0.0,0.0,-0.29889999999999983
-3.3749999999999996,-0.4749999999999999,-8.904632950000002,0.0,0.0,-0.29889999999999983
-2.925,-0.4749999999999999,-8.904632950000002,0.0,0.0,-0.29889999999999983
-2.4749999999999996,-0.4749999999999999,-8.904632950000002,0.0,0.0,-0.29889999999999983
-2.0249999999999995,-0.4749999999999999,-8.904632950000002,0.0,0.0,-0.29889999999999983
-1.5749999999999995,-0.4749999999999999,-8.904632950000002,0.0,0.0,-0.29889999999999983
-1.1249999999999993,-0.4749999999999999,-8.904632950000002,0.0,0.0,-0.29889999999999983
-0.6749999999999996,-0.4749999999999999,-8.904632950000002,0.0,0.0,-0.29889999999999983
-0.22499999999999948,-0.4749999999999999,-8.904632950000002,0.0,0.0,-0.29889999999999983
-4.725,-0.02499999999999973,-8.904632950000002,0.0,0.0,-0.29889999999999983
-4.2749999999999995,-0.02499999999999973,-8.904632950000002,0.0,0.0,-0.29889999999999983
-3.8249999999999997,-0.02499999999999973,-8.904632950000002,0.0,0.0,-0.29889999999999983
-3.3749999999999996,-0.02499999999999973,-8.904632950000002,0.0,0.0,-0.29889999999999983
-2.925,-0.02499999999999973,-8.904632950000002,0.0,0.0,-0.29889999999999983
-2.4749999999999996,-0.02499999999999973,-8.904632950000002,0.0,0.0,-0.29889999999999983
-2.0249999999999995,-0.02499999999999973,-8.904632950000002,0.0,0.0,-0.29889999999999983
-1.5749999999999995,-0.02499999999999973,-8.904632950000002,0.0,0.0,-0.29889999999999983
-1.1249999999999993,-0.02499999999999973,-8.904632950000002,0.0,0.0,-0.29889999999999983
-0.6749999999999996,-0.02499999999999973,-8.904632950000002,0.0,0.0,-0.29889999999999983
-0.22499999999999948,-0.02499999999999973,-8.904632950000002,0.0,0.0,-0.29889999999999983
-4.725,0.425,-8.904632950000002,0.0,0.0,-0.29889999999999983
-4.2749999999999995,0.425,-8.904632950000002,0.0,0.0,-0.29889999999999983
-3.8249999999999997,0.425,-8.904632950000002,0.0,0.0,-0.29889999999999983
-3.3749999999999996,0.425,-8.904632950000002,0.0,0.0,-0.29889999999999983
-2.925,0.425,-8.904632950000002,0.0,0.0,-0.29889999999999983
-2.4749999999999996,0.425,-8.904632950000002,0.0,0.0,-0.29889999999999983
-2.0249999999999995,0.425,-8.904632950000002,0.0,0.0,-0.29889999999999983
-1.5749999999999995,0.425,-8.904632950000002,0.0,0.0,-0.29889999999999983
-1.1249999999999993,0.425,-8.904632950000002,0.0,0.0,-0.29889999999999983
-0.6749999999999996,0.425,-8.904632950000002,0.0,0.0,-0.29889999999999983
-0.22499999999999948,0.425,-8.904632950000002,0.0,0.0,-0.29889999999999983
-4.725,0.8750000000000002,-8.904632950000002,0.0,0.0,-0.29889999999999983
-4.2749999999999995,0.8750000000000002,-8.904632950000002,0.0,0.0,-0.29889999999999983
-3.8249999999999997,0.8750000000000002,-8.904632950000002,0.0,0.0,-0.29889999999999983
-3.3749999999999996,0.8750000000000002,-8.904632950000002,0.0,0.0,-0.29889999999999983
-2.925,0.8750000000000002,-8.904632950000002,0.0,0.0,-0.29889999999999983
-2.4749999999999996,0.8750000000000002,-8.904632950000002,0.0,0.0,-0.29889999999999983
-2.0249999999999995,0.8750000000000002,-8.904632950000002,0.0,0.0,-0.29889999999999983
-1.5749999999999995,0.8750000000000002,-8.904632950000002,0.0,0.0,-0.29889999999999983
-1.1249999999999993,0.8750000000000002,-8.904632950000002,0.0,0.0,-0.29889999999999983
-0.6749999999999996,0.8750000000000002,-8.904632950000002,0.0,0.0,-0.29889999999999983
-0.22499999999999948,0.8750000000000002,-8.904632950000002,0.0,0.0,-0.29889999999999983
-4.725,1.325,-8.904632950000002,0.0,0.0,-0.29889999999999983
-4.2749999999999995,1.325,-8.904632950000002,0.0,0.0,-0.29889999999999983
-3.8249999999999997,1.325,-8.904632950000002,0.0,0.0,-0.29889999999999983
-3.3749999999999996,1.325,-8.904632950000002,0.0,0.0,-0.29889999999999983
-2.925,1.325,-8.904632950000002,0.0,0.0,-0.29889999999999983
-2.4749999999999996,1.325,-8.904632950000002,0.0,0.0,-0.29889999999999983
-2.0249999999999995,1.325,-8.904632950000002,0.0,0.0,-0.29889999999999983
-1.5749999999999995,1.325,-8.904632950000002,0.0,0.0,-0.29889999999999983
-1.1249999999999993,1.325,-8.904632950000002,0.0,0.0,-0.29889999999999983
-0.6749999999999996,1.325,-8.904632950000002,0.0,0.0,-0.29889999999999983
-0.22499999999999948,1.325,-8.904632950000002,0.0,0.0,-0.29889999999999983
-4.725,1.7750000000000001,-8.904632950000002,0.0,0.0,-0.29889999999999983
-4.2749999999999995,1.7750000000000001,-8.904632950000002,0.0,0.0,-0.29889999999999983
-3.8249999999999997,1.7750000000000001,-8.904632950000002,0.0,0.0,-0.29889999999999983
-3.3749999999999996,1.7750000000000001,-8.904632950000002,0.0,0.0,-0.29889999999999983
-2.925,1.7750000000000001,-8.904632950000002,0.0,0.0,-0.29889999999999983
-2.4749999999999996,1.7750000000000001,-8.904632950000002,0.0,0.0,-0.29889999999999983
-2.0249999999999995,1.7750000000000001,-8.904632950000002,0.0,0.0,-0.29889999999999983
-1.5749999999999995,1.7750000000000001,-8.904632950000002,0.0,0.0,-0.29889999999999983
-1.1249999999999993,1.7750000000000001,-8.904632950000002,0.0,0.0,-0.29889999999999983
-0.6749999999999996,1.7750000000000001,-8.904632950000002,0.0,0.0,-0.29889999999999983
-0.22499999999999948,1.7750000000000001,-8.904632950000002,0.0,0.0,-0.29889999999999983
-4.725,2.225,-8.904632950000002,0.0,0.0,-0.29889999999999983
-4.2749999999999995,2.225,-8.904632950000002,0.0,0.0,-0.29889999999999983
-3.8249999999999997,2.225,-8.904632950000002,0.0,0.0,-0.29889999999999983
-3.3749999999999996,2.225,-8.904632950000002,0.0,0.0,-0.29889999999999983
-2.925,2.225,-8.904632950000002,0.0,0.0,-0.29889999999999983
-2.4749999999999996,2.225,-8.904632950000002,0.0,0.0,-0.29889999999999983
-2.0249999999999995,2.225,-8.904632950000002,0.0,0.0,-0.29889999999999983
-1.5749999999999995,2.225,-8.904632950000002,0.0,0.0,-0.29889999999999983
-1.1249999999999993,2.225,-8.904632950000002,0.0,0.0,-0.29889999999999983
-0.6749999999999996,2.225,-8.904632950000002,0.0,0.0,-0.29889999999999983
-0.22499999999999948,2.225,-8.904632950000002,0.0,0.0,-0.29889999999999983
-4.725,2.6750000000000003,-8.904632950000002,0.0,0.0,-0.29889999999999983
-4.2749999999999995,2.6750000000000003,-8.904632950000002,0.0,0.0,-0.29889999999999983
-3.8249999999999997,2.6750000000000003,-8.904632950000002,0.0,0.0,-0.29889999999999983
-3.3749999999999996,2.6750000000000003,-8.904632950000002,0.0,0.0,-0.29889999999999983
-2.925,2.6750000000000003,-8.904632950000002,0.0,0.0,-0.29889999999999983
-2.4749999999999996,2.6750000000000003,-8.904632950000002,0.0,0.0,-0.29889999999999983
-2.0249999999999995,2.6750000000000003,-8.904632950000002,0.0,0.0,-0.29889999999999983
-1.5749999999999995,2.6750000000000003,-8.904632950000002,0.0,0.0,-0.29889999999999983
-1.1249999999999993,2.6750000000000003,-8.904632950000002,0.0,0.0,-0.29889999999999983
-0.6749999999999996,2.6750000000000003,-8.904632950000002,0.0,0.0,-0.29889999999999983
-0.22499999999999948,2.6750000000000003,-8.904632950000002,0.0,0.0,-0.29889999999999983
-4.7749999999999995,-2.775,-8.354632950000001,0.0,0.0,-0.29889999999999983
-4.324999999999999,-2.775,-8.354632950000001,0.0,0.0,-0.29889999999999983
-3.8749999999999996,-2.775,-8.354632950000001,0.0,0.0,-0.29889999999999983
-3.4249999999999994,-2.775,-8.354632950000001,0.0,0.0,-0.29889999999999983
-2.9749999999999996,-2.775,-8.354632950000001,0.0,0.0,-0.29889999999999983
-2.5249999999999995,-2.775,-8.354632950000001,0.0,0.0,-0.29889999999999983
-2.0749999999999993,-2.775,-8.354632950000001,0.0,0.0,-0.29889999999999983
-1.6249999999999996,-2.775,-8.354632950000001,0.0,0.0,-0.29889999999999983
-1.1749999999999994,-2.775,-8.354632950000001,0.0,0.0,-0.29889999999999983
-0.7249999999999996,-2.775,-8.354632950000001,0.0,0.0,-0.29889999999999983
-0.27499999999999947,-2.775,-8.354632950000001,0.0,0.0,-0.29889999999999983
-4.7749999999999995,-2.3249999999999997,-8.354632950000001,0.0,0.0,-0.29889999999999983
-4.324999999999999,-2.3249999999999997,-8.354632950000001,0.0,0.0,-0.29889999999999983
-3.8749999999999996,-2.3249999999999997,-8.354632950000001,0.0,0.0,-0.29889999999999983
-3.4249999999999994,-2.3249999999999997,-8.354632950000001,0.0,0.0,-0.29889999999999983
-2.9749999999999996,-2.3249999999999997,-8.354632950000001,0.0,0.0,-0.29889999999999983
-2.5249999999999995,-2.3249999999999997,-8.354632950000001,0.0,0.0,-0.29889999999999983
-2.0749999999999993,-2.3249999999999997,-8.354632950000001,0.0,0.0,-0.29889999999999983
-1.6249999999999996,-2.3249999999999997,-8.354632950000001,0.0,0.0,-0.29889999999999983
-1.1749999999999994,-2.3249999999999997,-8.354632950000001,0.0,0.0,-0.29889999999999983
-0.7249999999999996,-2.3249999999999997,-8.354632950000001,0.0,0.0,-0.29889999999999983
-0.27499999999999947,-2.3249999999999997,-8.354632950000001,0.0,0.0,-0.29889999999999983
-4.7749999999999995,-1.875,-8.354632950000001,0.0,0.0,-0.29889999999999983
-4.324999999999999,-1.875,-8.354632950000001,0.0,0.0,-0.29889999999999983
-3.8749999999999996,-1.875,-8.354632950000001,0.0,0.0,-0.29889999999999983
-3.4249999999999994,-1.875,-8.354632950000001,0.0,0.0,-0.29889999999999983
-2.9749999999999996,-1.875,-8.354632950000001,0.0,0.0,-0.29889999999999983
-2.5249999999999995,-1.875,-8.354632950000001,0.0,0.0,-0.29889999999999983
-2.0749999999999993,-1.875,-8.354632950000001,0.0,0.0,-0.29889999999999983
-1.6249999999999996,-1.875,-8.354632950000001,0.0,0.0,-0.29889999999999983
-1.1749999999999994,-1.875,-8.354632950000001,0.0,0.0,-0.29889999999999983
-0.7249999999999996,-1.875,-8.354632950000001,0.0,0.0,-0.29889999999999983
-0.27499999999999947,-1.875,-8.354632950000001,0.0,0.0,-0.29889999999999983
-4.7749999999999995,-1.4249999999999998,-8.354632950000001,0.0,0.0,-0.29889999999999983
-4.324999999999999,-1.4249999999999998,-8.354632950000001,0.0,0.0,-0.29889999999999983
-3.8749999999999996,-1.4249999999999998,-8.354632950000001,0.0,0.0,-0.29889999999999983
-3.4249999999999994,-1.4249999999999998,-8.354632950000001,0.0,0.0,-0.29889999999999983
-2.9749999999999996,-1.4249999999999998,-8.354632950000001,0.0,0.0,-0.29889999999999983
-2.5249999999999995,-1.4249999999999998,-8.354632950000001,0.0,0.0,-0.29889999999999983
-2.0749999999999993,-1.4249999999999998,-8.354632950000001,0.0,0.0,-0.29889999999999983
-1.6249999999999996,-1.4249999999999998,-8.354632950000001,0.0,0.0,-0.29889999999999983
-1.1749999999999994,-1.4249999999999998,-8.354632950000001,0.0,0.0,-0.29889999999999983
-0.7249999999999996,-1.4249999999999998,-8.354632950000001,0.0,0.0,-0.29889999999999983
-0.27499999999999947,-1.4249999999999998,-8.354632950000001,0.0,0.0,-0.29889999999999983
-4.7749999999999995,-0.9749999999999999,-8.354632950000001,0.0,0.0,-0.29889999999999983
-4.324999999999999,-0.9749999999999999,-8.354632950000001,0.0,0.0,-0.29889999999999983
-3.8749999999999996,-0.9749999999999999,-8.354632950000001,0.0,0.0,-0.29889999999999983
-3.4249999999999994,-0.9749999999999999,-8.354632950000001,0.0,0.0,-0.29889999999999983
-2.9749999999999996,-0.9749999999999999,-8.354632950000001,0.0,0.0,-0.29889999999999983
-2.5249999999999995,-0.9749999999999999,-8.354632950000001,0.0,0.0,-0.29889999999999983
-2.0749999999999993,-0.9749999999999999,-8.354632950000001,0.0,0.0,-0.29889999999999983
-1.6249999999999996,-0.9749999999999999,-8.354632950000001,0.0,0.0,-0.29889999999999983
-1.1749999999999994,-0.9749999999999999,-8.354632950000001,0.0,0.0,-0.29889999999999983
-0.7249999999999996,-0.9749999999999999,-8.354632950000001,0.0,0.0,-0.29889999999999983
-0.27499999999999947,-0.9749999999999999,-8.354632950000001,0.0,0.0,-0.29889999999999983
-4.7749999999999995,-0.5249999999999999,-8.354632950000001,0.0,0.0,-0.29889999999999983
-4.324999999999999,-0.5249999999999999,-8.354632950000001,0.0,0.0,-0.29889999999999983
-3.8749999999999996,-0.5249999999999999,-8.354632950000001,0.0,0.0,-0.29889999999999983
-3.4249999999999994,-0.5249999999999999,-8.354632950000001,0.0,0.0,-0.29889999999999983
-2.9749999999999996,-0.5249999999999999,-8.354632950000001,0.0,0.0,-0.29889999999999983
-2.5249999999999995,-0.5249999999999999,-8.354632950000001,0.0,0.0,-0.29889999999999983
-2.0749999999999993,-0.5249999999999999,-8.354632950000001,0.0,0.0,-0.29889999999999983
-1.6249999999999996,-0.5249999999999999,-8.354632950000001,0.0,0.0,-0.29889999999999983
-1.1749999999999994,-0.5249999999999999,-8.354632950000001,0.0,0.0,-0.29889999999999983
-0.7249999999999996,-0.5249999999999999,-8.354632950000001,0.0,0.0,-0.29889999999999983
-0.27499999999999947,-0.5249999999999999,-8.354632950000001,0.0,0.0,-0.29889999999999983
-4.7749999999999995,-0.07499999999999973,-8.354632950000001,0.0,0.0,-0.29889999999999983
-4.324999999999999,-0.07499999999999973,-8.354632950000001,0.0,0.0,-0.29889999999999983
-3.8749999999999996,-0.07499999999999973,-8.354632950000001,0.0,0.0,-0.29889999999999983
-3.4249999999999994,-0.07499999999999973,-8.354632950000001,0.0,0.0,-0.29889999999999983
-2.9749999999999996,-0.07499999999999973,-8.354632950000001,0.0,0.0,-0.29889999999999983
-2.5249999999999995,-0.07499999999999973,-8.354632950000001,0.0,0.0,-0.29889999999999983
-2.0749999999999993,-0.07499999999999973,-8.354632950000001,0.0,0.0,-0.29889999999999983
-1.6249999999999996,-0.07499999999999973,-8.354632950000001,0.0,0.0,-0.29889999999999983
-1.1749999999999994,-0.07499999999999973,-8.354632950000001,0.0,0.0,-0.29889999999999983
-0.7249999999999996,-0.07499999999999973,-8.354632950000001,0.0,0.0,-0.29889999999999983
-0.27499999999999947,-0.07499999999999973,-8.354632950000001,0.0,0.0,-0.29889999999999983
-4.7749999999999995,0.375,-8.354632950000001,0.0,0.0,-0.29889999999999983
-4.324999999999999,0.375,-8.354632950000001,0.0,0.0,-0.29889999999999983
-3.8749999999999996,0.375,-8.354632950000001,0.0,0.0,-0.29889999999999983
-3.4249999999999994,0.375,-8.354632950000001,0.0,0.0,-0.29889999999999983
-2.9749999999999996,0.375,-8.354632950000001,0.0,0.0,-0.29889999999999983
-2.5249999999999995,0.375,-8.354632950000001,0.0,0.0,-0.29889999999999983
-2.0749999999999993,0.375,-8.354632950000001,0.0,0.0,-0.29889999999999983
-1.6249999999999996,0.375,-8.354632950000001,0.0,0.0,-0.29889999999999983
-1.1749999999999994,0.375,-8.354632950000001,0.0,0.0,-0.29889999999999983
-0.7249999999999996,0.375,-8.354632950000001,0.0,0.0,-0.29889999999999983
-0.27499999999999947,0.375,-8.354632950000001,0.0,0.0,-0.29889999999999983
-4.7749999999999995,0.8250000000000002,-8.354632950000001,0.0,0.0,-0.29889999999999983
-4.324999999999999,0.8250000000000002,-8.354632950000001,0.0,0.0,-0.29889999999999983
-3.8749999999999996,0.8250000000000002,-8.354632950000001,0.0,0.0,-0.29889999999999983
-3.4249999999999994,0.8250000000000002,-8.354632950000001,0.0,0.0,-0.29889999999999983
-2.9749999999999996,0.8250000000000002,-8.354632950000001,0.0,0.0,-0.29889999999999983
-2.5249999999999995,0.8250000000000002,-8.354632950000001,0.0,0.0,-0.29889999999999983
-2.0749999999999993,0.8250000000000002,-8.354632950000001,0.0,0.0,-0.29889999999999983
-1.6249999999999996,0.8250000000000002,-8.354632950000001,0.0,0.0,-0.29889999999999983
-1.1749999999999994,0.8250000000000002,-8.354632950000001,0.0,0.0,-0.29889999999999983
-0.7249999999999996,0.8250000000000002,-8.354632950000001,0.0,0.0,-0.29889999999999983
-0.27499999999999947,0.8250000000000002,-8.354632950000001,0.0,0.0,-0.29889999999999983
-4.7749999999999995,1.275,-8.354632950000001,0.0,0.0,-0.29889999999999983
-4.324999999999999,1.275,-8.354632950000001,0.0,0.0,-0.29889999999999983
-3.8749999999999996,1.275,-8.354632950000001,0.0,0.0,-0.29889999999999983
-3.4249999999999994,1.275,-8.354632950000001,0.0,0.0,-0.29889999999999983
-2.9749999999999996,1.275,-8.354632950000001,0.0,0.0,-0.29889999999999983
-2.5249999999999995,1.275,-8.354632950000001,0.0,0.0,-0.29889999999999983
-2.0749999999999993,1.275,-8.354632950000001,0.0,0.0,-0.29889999999999983
-1.6249999999999996,1.275,-8.354632950000001,0.0,0.0,-0.29889999999999983
-1.1749999999999994,1.275,-8.354632950000001,0.0,0.0,-0.29889999999999983
-0.7249999999999996,1.275,-8.354632950000001,0.0,0.0,-0.29889999999999983
-0.27499999999999947,1.275,-8.354632950000001,0.0,0.0,-0.29889999999999983
-4.7749999999999995,1.725,-8.354632950000001,0.0,0.0,-0.29889999999999983
-4.324999999999999,1.725,-8.354632950000001,0.0,0.0,-0.29889999999999983
-3.8749999999999996,1.725,-8.354632950000001,0.0,0.0,-0.29889999999999983
-3.4249999999999994,1.725,-8.354632950000001,0.0,0.0,-0.29889999999999983
-2.9749999999999996,1.725,-8.354632950000001,0.0,0.0,-0.29889999999999983
-2.5249999999999995,1.725,-8.354632950000001,0.0,0.0,-0.29889999999999983
-2.0749999999999993,1.725,-8.354632950000001,0.0,0.0,-0.29889999999999983
-1.6249999999999996,1.725,-8.354632950000001,0.0,0.0,-0.29889999999999983
-1.1749999999999994,1.725,-8.354632950000001,0.0,0.0,-0.29889999999999983
-0.7249999999999996,1.725,-8.354632950000001,0.0,0.0,-0.29889999999999983
-0.27499999999999947,1.725,-8.354632950000001,0.0,0.0,-0.29889999999999983
-4.7749999999999995,2.1750000000000003,-8.354632950000001,0.0,0.0,-0.29889999999999983
-4.324999999999999,2.1750000000000003,-8.354632950000001,0.0,0.0,-0.29889999999999983
-3.8749999999999996,2.1750000000000003,-8.354632950000001,0.0,0.0,-0.29889999999999983
-3.4249999999999994,2.1750000000000003,-8.354632950000001,0.0,0.0,-0.29889999999999983
-2.9749999999999996,2.1750000000000003,-8.354632950000001,0.0,0.0,-0.29889999999999983
-2.5249999999999995,2.1750000000000003,-8.354632950000001,0.0,0.0,-0.29889999999999983
-2.0749999999999993,2.1750000000000003,-8.354632950000001,0.0,0.0,-0.29889999999999983
-1.6249999999999996,2.1750000000000003,-8.354632950000001,0.0,0.0,-0.29889999999999983
-1.1749999999999994,2.1750000000000003,-8.354632950000001,0.0,0.0,-0.29889999999999983
-0.7249999999999996,2.1750000000000003,-8.354632950000001,0.0,0.0,-0.29889999999999983
-0.27499999999999947,2.1750000000000003,-8.354632950000001,0.0,0.0,-0.29889999999999983
-4.7749999999999995,2.6250000000000004,-8.354632950000001,0.0,0.0,-0.29889999999999983
-4.324999999999999,2.6250000000000004,-8.354632950000001,0.0,0.0,-0.29889999999999983
-3.8749999999999996,2.6250000000000004,-8.354632950000001,0.0,0.0,-0.29889999999999983
-3.4249999999999994,2.6250000000000004,-8.354632950000001,0.0,0.0,-0.29889999999999983
-2.9749999999999996,2.6250000000000004,-8.354632950000001,0.0,0.0,-0.29889999999999983
-2.5249999999999995,2.6250000000000004,-8.354632950000001,0.0,0.0,-0.29889999999999983
-2.0749999999999993,2.6250000000000004,-8.354632950000001,0.0,0.0,-0.29889999999999983
-1.6249999999999996,2.6250000000000004,-8.354632950000001,0.0,0.0,-0.29889999999999983
-1.1749999999999994,2.6250000000000004,-8.354632950000001,0.0,0.0,-0.29889999999999983
-0.7249999999999996,2.6250000000000004,-8.354632950000001,0.0,0.0,-0.29889999999999983
-0.27499999999999947,2.6250000000000004,-8.354632950000001,0.0,0.0,-0.29889999999999983
-4.725,-2.725,-7.804632950000001,0.0,0.0,-0.29889999999999983
-4.2749999999999995,-2.725,-7.804632950000001,0.0,0.0,-0.29889999999999983
-3.8249999999999997,-2.725,-7.804632950000001,0.0,0.0,-0.29889999999999983
-3.3749999999999996,-2.725,-7.804632950000001,0.0,0.0,-0.29889999999999983
-2.925,-2.725,-7.804632950000001,0.0,0.0,-0.29889999999999983
-2.4749999999999996,-2.725,-7.804632950000001,0.0,0.0,-0.29889999999999983
-2.0249999999999995,-2.725,-7.804632950000001,0.0,0.0,-0.29889999999999983
-1.5749999999999995,-2.725,-7.804632950000001,0.0,0.0,-0.29889999999999983
-1.1249999999999993,-2.725,-7.804632950000001,0.0,0.0,-0.29889999999999983
-0.6749999999999996,-2.725,-7.804632950000001,0.0,0.0,-0.29889999999999983
-0.22499999999999948,-2.725,-7.804632950000001,0.0,0.0,-0.29889999999999983
-4.725,-2.275,-7.804632950000001,0.0,0.0,-0.29889999999999983
-4.2749999999999995,-2.275,-7.804632950000001,0.0,0.0,-0.29889999999999983
-3.8249999999999997,-2.275,-7.804632950000001,0.0,0.0,-0.29889999999999983
-3.3749999999999996,-2.275,-7.804632950000001,0.0,0.0,-0.29889999999999983
-2.925,-2.275,-7.804632950000001,0.0,0.0,-0.29889999999999983
-2.4749999999999996,-2.275,-7.804632950000001,0.0,0.0,-0.29889999999999983
-2.0249999999999995,-2.275,-7.804632950000001,0.0,0.0,-0.29889999999999983
-1.5749999999999995,-2.275,-7.804632950000001,0.0,0.0,-0.29889999999999983
-1.1249999999999993,-2.275,-7.804632950000001,0.0,0.0,-0.29889999999999983
-0.6749999999999996,-2.275,-7.804632950000001,0.0,0.0,-0.29889999999999983
-0.22499999999999948,-2.275,-7.804632950000001,0.0,0.0,-0.29889999999999983
-4.725,-1.825,-7.804632950000001,0.0,0.0,-0.29889999999999983
-4.2749999999999995,-1.825,-7.804632950000001,0.0,0.0,-0.29889999999999983
-3.8249999999999997,-1.825,-7.804632950000001,0.0,0.0,-0.29889999999999983
-3.3749999999999996,-1.825,-7.804632950000001,0.0,0.0,-0.29889999999999983
-2.925,-1.825,-7.804632950000001,0.0,0.0,-0.29889999999999983
-2.4749999999999996,-1.825,-7.804632950000001,0.0,0.0,-0.29889999999999983
-2.0249999999999995,-1.825,-7.804632950000001,0.0,0.0,-0.29889999999999983
-1.5749999999999995,-1.825,-7.804632950000001,0.0,0.0,-0.29889999999999983
-1.1249999999999993,-1.825,-7.804632950000001,0.0,0.0,-0.29889999999999983
-0.6749999999999996,-1.825,-7.804632950000001,0.0,0.0,-0.29889999999999983
-0.22499999999999948,-1.825,-7.804632950000001,0.0,0.0,-0.29889999999999983
-4.725,-1.3749999999999998,-7.804632950000001,0.0,0.0,-0.29889999999999983
-4.2749999999999995,-1.3749999999999998,-7.804632950000001,0.0,0.0,-0.29889999999999983
-3.8249999999999997,-1.3749999999999998,-7.804632950000001,0.0,0.0,-0.29889999999999983
-3.3749999999999996,-1.3749999999999998,-7.804632950000001,0.0,0.0,-0.29889999999999983
-2.925,-1.3749999999999998,-7.804632950000001,0.0,0.0,-0.29889999999999983
-2.4749999999999996,-1.3749999999999998,-7.804632950000001,0.0,0.0,-0.29889999999999983
-2.0249999999999995,-1.3749999999999998,-7.804632950000001,0.0,0.0,-0.29889999999999983
-1.5749999999999995,-1.3749999999999998,-7.804632950000001,0.0,0.0,-0.29889999999999983
-1.1249999999999993,-1.3749999999999998,-7.804632950000001,0.0,0.0,-0.29889999999999983
-0.6749999999999996,-1.3749999999999998,-7.804632950000001,0.0,0.0,-0.29889999999999983
-0.22499999999999948,-1.3749999999999998,-7.804632950000001,0.0,0.0,-0.29889999999999983
-4.725,-0.9249999999999998,-7.804632950000001,0.0,0.0,-0.29889999999999983
-4.2749999999999995,-0.9249999999999998,-7.804632950000001,0.0,0.0,-0.29889999999999983
-3.8249999999999997,-0.9249999999999998,-7.804632950000001,0.0,0.0,-0.29889999999999983
-3.3749999999999996,-0.9249999999999998,-7.804632950000001,0.0,0.0,-0.29889999999999983
-2.925,-0.9249999999999998,-7.804632950000001,0.0,0.0,-0.29889999999999983
-2.4749999999999996,-0.9249999999999998,-7.804632950000001,0.0,0.0,-0.29889999999999983
-2.0249999999999995,-0.9249999999999998,-7.804632950000001,0.0,0.0,-0.29889999999999983
-1.5749999999999995,-0.9249999999999998,-7.804632950000001,0.0,0.0,-0.29889999999999983
-1.1249999999999993,-0.9249999999999998,-7.804632950000001,0.0,0.0,-0.29889999999999983
-0.6749999999999996,-0.9249999999999998,-7.804632950000001,0.0,0.0,-0.29889999999999983
-0.22499999999999948,-0.9249999999999998,-7.804632950000001,0.0,0.0,-0.29889999999999983
-4.725,-0.4749999999999999,-7.804632950000001,0.0,0.0,-0.29889999999999983
-4.2749999999999995,-0.4749999999999999,-7.804632950000001,0.0,0.0,-0.29889999999999983
-3.8249999999999997,-0.4749999999999999,-7.804632950000001,0.0,0.0,-0.29889999999999983
-3.3749999999999996,-0.4749999999999999,-7.804632950000001,0.0,0.0,-0.29889999999999983
-2.925,-0.4749999999999999,-7.804632950000001,0.0,0.0,-0.29889999999999983
-2.4749999999999996,-0.4749999999999999,-7.804632950000001,0.0,0.0,-0.29889999999999983
-2.0249999999999995,-0.4749999999999999,-7.804632950000001,0.0,0.0,-0.29889999999999983
-1.5749999999999995,-0.4749999999999999,-7.804632950000001,0.0,0.0,-0.29889999999999983
-1.1249999999999993,-0.4749999999999999,-7.804632950000001,0.0,0.0,-0.29889999999999983
-0.6749999999999996,-0.4749999999999999,-7.804632950000001,0.0,0.0,-0.29889999999999983
-0.22499999999999948,-0.4749999999999999,-7.804632950000001,0.0,0.0,-0.29889999999999983
-4.725,-0.02499999999999973,-7.804632950000001,0.0,0.0,-0.29889999999999983
-4.2749999999999995,-0.02499999999999973,-7.804632950000001,0.0,0.0,-0.29889999999999983
-3.8249999999999997,-0.02499999999999973,-7.804632950000001,0.0,0.0,-0.29889999999999983
-3.3749999999999996,-0.02499999999999973,-7.804632950000001,0.0,0.0,-0.29889999999999983
-2.925,-0.02499999999999973,-7.804632950000001,0.0,0.0,-0.29889999999999983
-2.4749999999999996,-0.02499999999999973,-7.804632950000001,0.0,0.0,-0.29889999999999983
-2.0249999999999995,-0.02499999999999973,-7.804632950000001,0.0,0.0,-0.29889999999999983
-1.5749999999999995,-0.02499999999999973,-7.804632950000001,0.0,0.0,-0.29889999999999983
-1.1249999999999993,-0.02499999999999973,-7.804632950000001,0.0,0.0,-0.29889999999999983
-0.6749999999999996,-0.02499999999999973,-7.804632950000001,0.0,0.0,-0.29889999999999983
-0.22499999999999948,-0.02499999999999973,-7.804632950000001,0.0,0.0,-0.29889999999999983
-4.725,0.425,-7.804632950000001,0.0,0.0,-0.29889999999999983
-4.2749999999999995,0.425,-7.804632950000001,0.0,0.0,-0.29889999999999983
-3.8249999999999997,0.425,-7.804632950000001,0.0,0.0,-0.29889999999999983
-3.3749999999999996,0.425,-7.804632950000001,0.0,0.0,-0.29889999999999983
-2.925,0.425,-7.804632950000001,0.0,0.0,-0.29889999999999983
-2.4749999999999996,0.425,-7.804632950000001,0.0,0.0,-0.29889999999999983
-2.0249999999999995,0.425,-7.804632950000001,0.0,0.0,-0.29889999999999983
-1.5749999999999995,0.425,-7.804632950000001,0.0,0.0,-0.29889999999999983
-1.1249999999999993,0.425,-7.804632950000001,0.0,0.0,-0.29889999999999983
-0.6749999999999996,0.425,-7.804632950000001,0.0,0.0,-0.29889999999999983
-0.22499999999999948,0.425,-7.804632950000001,0.0,0.0,-0.29889999999999983
-4.725,0.8750000000000002,-7.804632950000001,0.0,0.0,-0.29889999999999983
-4.2749999999999995,0.8750000000000002,-7.804632950000001,0.0,0.0,-0.29889999999999983
-3.8249999999999997,0.8750000000000002,-7.804632950000001,0.0,0.0,-0.29889999999999983
-3.3749999999999996,0.8750000000000002,-7.804632950000001,0.0,0.0,-0.29889999999999983
-2.925,0.8750000000000002,-7.804632950000001,0.0,0.0,-0.29889999999999983
-2.4749999999999996,0.8750000000000002,-7.804632950000001,0.0,0.0,-0.29889999999999983
-2.0249999999999995,0.8750000000000002,-7.804632950000001,0.0,0.0,-0.29889999999999983
-1.5749999999999995,0.8750000000000002,-7.804632950000001,0.0,0.0,-0.29889999999999983
-1.1249999999999993,0.8750000000000002,-7.804632950000001,0.0,0.0,-0.29889999999999983
-0.6749999999999996,0.8750000000000002,-7.804632950000001,0.0,0.0,-0.29889999999999983
-0.22499999999999948,0.8750000000000002,-7.804632950000001,0.0,0.0,-0.29889999999999983
-4.725,1.325,-7.804632950000001,0.0,0.0,-0.29889999999999983
-4.2749999999999995,1.325,-7.804632950000001,0.0,0.0,-0.29889999999999983
-3.8249999999999997,1.325,-7.804632950000001,0.0,0.0,-0.29889999999999983
-3.3749999999999996,1.325,-7.804632950000001,0.0,0.0,-0.29889999999999983
-2.925,1.325,-7.804632950000001,0.0,0.0,-0.29889999999999983
-2.4749999999999996,1.325,-7.804632950000001,0.0,0.0,-0.29889999999999983
-2.0249999999999995,1.325,-7.804632950000001,0.0,0.0,-0.29889999999999983
-1.5749999999999995,1.325,-7.804632950000001,0.0,0.0,-0.29889999999999983
-1.1249999999999993,1.325,-7.804632950000001,0.0,0.0,-0.29889999999999983
-0.6749999999999996,1.325,-7.804632950000001,0.0,0.0,-0.29889999999999983
-0.22499999999999948,1.325,-7.804632950000001,0.0,0.0,-0.29889999999999983
-4.725,1.7750000000000001,-7.804632950000001,0.0,0.0,-0.29889999999999983
-4.2749999999999995,1.7750000000000001,-7.804632950000001,0.0,0.0,-0.29889999999999983
-3.8249999999999997,1.7750000000000001,-7.804632950000001,0.0,0.0,-0.29889999999999983
-3.3749999999999996,1.7750000000000001,-7.804632950000001,0.0,0.0,-0.29889999999999983
-2.925,1.7750000000000001,-7.804632950000001,0.0,0.0,-0.29889999999999983
-2.4749999999999996,1.7750000000000001,-7.804632950000001,0.0,0.0,-0.29889999999999983
-2.0249999999999995,1.7750000000000001,-7.804632950000001,0.0,0.0,-0.29889999999999983
-1.5749999999999995,1.7750000000000001,-7.804632950000001,0.0,0.0,-0.29889999999999983
-1.1249999999999993,1.7750000000000001,-7.804632950000001,0.0,0.0,-0.29889999999999983
-0.6749999999999996,1.7750000000000001,-7.804632950000001,0.0,0.0,-0.29889999999999983
-0.22499999999999948,1.7750000000000001,-7.804632950000001,0.0,0.0,-0.29889999999999983
-4.725,2.225,-7.804632950000001,0.0,0.0,-0.29889999999999983
-4.2749999999999995,2.225,-7.804632950000001,0.0,0.0,-0.29889999999999983
-3.8249999999999997,2.225,-7.804632950000001,0.0,0.0,-0.29889999999999983
-3.3749999999999996,2.225,-7.804632950000001,0.0,0.0,-0.29889999999999983
-2.925,2.225,-7.804632950000001,0.0,0.0,-0.29889999999999983
-2.4749999999999996,2.225,-7.804632950000001,0.0,0.0,-0.29889999999999983
-2.0249999999999995,2.225,-7.804632950000001,0.0,0.0,-0.29889999999999983
-1.5749999999999995,2.225,-7.804632950000001,0.0,0.0,-0.29889999999999983
-1.1249999999999993,2.225,-7.804632950000001,0.0,0.0,-0.29889999999999983
-0.6749999999999996,2.225,-7.804632950000001,0.0,0.0,-0.29889999999999983
-0.22499999999999948,2.225,-7.804632950000001,0.0,0.0,-0.29889999999999983
-4.725,2.6750000000000003,-7.804632950000001,0.0,0.0,-0.29889999999999983
-4.2749999999999995,2.6750000000000003,-7.804632950000001,0.0,0.0,-0.29889999999999983
-3.8249999999999997,2.6750000000000003,-7.804632950000001,0.0,0.0,-0.29889999999999983
-3.3749999999999996,2.6750000000000003,-7.804632950000001,0.0,0.0,-0.29889999999999983
-2.925,2.6750000000000003,-7.804632950000001,0.0,0.0,-0.29889999999999983
-2.4749999999999996,2.6750000000000003,-7.804632950000001,0.0,0.0,-0.29889999999999983
-2.0249999999999995,2.6750000000000003,-7.804632950000001,0.0,0.0,-0.29889999999999983
-1.5749999999999995,2.6750000000000003,-7.804632950000001,0.0,0.0,-0.29889999999999983
-1.1249999999999993,2.6750000000000003,-7.804632950000001,0.0,0.0,-0.29889999999999983
-0.6749999999999996,2.6750000000000003,-7.804632950000001,0.0,0.0,-0.29889999999999983
-0.22499999999999948,2.6750000000000003,-7.804632950000001,0.0,0.0,-0.29889999999999983
-4.7749999999999995,-2.775,-7.254632950000001,0.0,0.0,-0.29889999999999983
-4.324999999999999,-2.775,-7.254632950000001,0.0,0.0,-0.29889999999999983
-3.8749999999999996,-2.775,-7.254632950000001,0.0,0.0,-0.29889999999999983
-3.4249999999999994,-2.775,-7.254632950000001,0.0,0.0,-0.29889999999999983
-2.9749999999999996,-2.775,-7.254632950000001,0.0,0.0,-0.29889999999999983
-2.5249999999999995,-2.775,-7.254632950000001,0.0,0.0,-0.29889999999999983
-2.0749999999999993,-2.775,-7.254632950000001,0.0,0.0,-0.29889999999999983
-1.6249999999999996,-2.775,-7.254632950000001,0.0,0.0,-0.29889999999999983
-1.1749999999999994,-2.775,-7.254632950000001,0.0,0.0,-0.29889999999999983
-0.7249999999999996,-2.775,-7.254632950000001,0.0,0.0,-0.29889999999999983
-0.27499999999999947,-2.775,-7.254632950000001,0.0,0.0,-0.29889999999999983
-4.7749999999999995,-2.3249999999999997,-7.254632950000001,0.0,0.0,-0.29889999999999983
-4.324999999999999,-2.3249999999999997,-7.254632950000001,0.0,0.0,-0.29889999999999983
-3.8749999999999996,-2.3249999999999997,-7.254632950000001,0.0,0.0,-0.29889999999999983
-3.4249999999999994,-2.3249999999999997,-7.254632950000001,0.0,0.0,-0.29889999999999983
-2.9749999999999996,-2.3249999999999997,-7.254632950000001,0.0,0.0,-0.29889999999999983
-2.5249999999999995,-2.3249999999999997,-7.254632950000001,0.0,0.0,-0.29889999999999983
-2.0749999999999993,-2.3249999999999997,-7.254632950000001,0.0,0.0,-0.29889999999999983
-1.6249999999999996,-2.3249999999999997,-7.254632950000001,0.0,0.0,-0.29889999999999983
-1.1749999999999994,-2.3249999999999997,-7.254632950000001,0.0,0.0,-0.29889999999999983
-0.7249999999999996,-2.3249999999999997,-7.254632950000001,0.0,0.0,-0.29889999999999983
-0.27499999999999947,-2.3249999999999997,-7.254632950000001,0.0,0.0,-0.29889999999999983
-4.7749999999999995,-1.875,-7.254632950000001,0.0,0.0,-0.29889999999999983
-4.324999999999999,-1.875,-7.254632950000001,0.0,0.0,-0.29889999999999983
-3.8749999999999996,-1.875,-7.254632950000001,0.0,0.0,-0.29889999999999983
-3.4249999999999994,-1.875,-7.254632950000001,0.0,0.0,-0.29889999999999983
-2.9749999999999996,-1.875,-7.254632950000001,0.0,0.0,-0.29889999999999983
-2.5249999999999995,-1.875,-7.254632950000001,0.0,0.0,-0.29889999999999983
-2.0749999999999993,-1.875,-7.254632950000001,0.0,0.0,-0.29889999999999983
-1.6249999999999996,-1.875,-7.254632950000001,0.0,0.0,-0.29889999999999983
-1.1749999999999994,-1.875,-7.254632950000001,0.0,0.0,-0.29889999999999983
-0.7249999999999996,-1.875,-7.254632950000001,0.0,0.0,-0.29889999999999983
-0.27499999999999947,-1.875,-7.254632950000001,0.0,0.0,-0.29889999999999983
-4.7749999999999995,-1.4249999999999998,-7.254632950000001,0.0,0.0,-0.29889999999999983
-4.324999999999999,-1.4249999999999998,-7.254632950000001,0.0,0.0,-0.29889999999999983
-3.8749999999999996,-1.4249999999999998,-7.254632950000001,0.0,0.0,-0.29889999999999983
-3.4249999999999994,-1.4249999999999998,-7.254632950000001,0.0,0.0,-0.29889999999999983
-2.9749999999999996,-1.4249999999999998,-7.254632950000001,0.0,0.0,-0.29889999999999983
-2.5249999999999995,-1.4249999999999998,-7.254632950000001,0.0,0.0,-0.29889999999999983
-2.0749999999999993,-1.4249999999999998,-7.254632950000001,0.0,0.0,-0.29889999999999983
-1.6249999999999996,-1.4249999999999998,-7.254632950000001,0.0,0.0,-0.29889999999999983
-1.1749999999999994,-1.4249999999999998,-7.254632950000001,0.0,0.0,-0.29889999999999983
-0.7249999999999996,-1.4249999999999998,-7.254632950000001,0.0,0.0,-0.29889999999999983
-0.27499999999999947,-1.4249999999999998,-7.254632950000001,0.0,0.0,-0.29889999999999983
-4.7749999999999995,-0.9749999999999999,-7.254632950000001,0.0,0.0,-0.29889999999999983
-4.324999999999999,-0.9749999999999999,-7.254632950000001,0.0,0.0,-0.29889999999999983
-3.8749999999999996,-0.9749999999999999,-7.254632950000001,0.0,0.0,-0.29889999999999983
-3.4249999999999994,-0.9749999999999999,-7.254632950000001,0.0,0.0,-0.29889999999999983
-2.9749999999999996,-0.9749999999999999,-7.254632950000001,0.0,0.0,-0.29889999999999983
-2.5249999999999995,-0.9749999999999999,-7.254632950000001,0.0,0.0,-0.29889999999999983
-2.0749999999999993,-0.9749999999999999,-7.254632950000001,0.0,0.0,-0.29889999999999983
-1.6249999999999996,-0.9749999999999999,-7.254632950000001,0.0,0.0,-0.29889999999999983
-1.1749999999999994,-0.9749999999999999,-7.254632950000001,0.0,0.0,-0.29889999999999983
-0.7249999999999996,-0.9749999999999999,-7.254632950000001,0.0,0.0,-0.29889999999999983
-0.27499999999999947,-0.9749999999999999,-7.254632950000001,0.0,0.0,-0.29889999999999983
-4.7749999999999995,-0.5249999999999999,-7.254632950000001,0.0,0.0,-0.29889999999999983
-4.324999999999999,-0.5249999999999999,-7.254632950000001,0.0,0.0,-0.29889999999999983
-3.8749999999999996,-0.5249999999999999,-7.254632950000001,0.0,0.0,-0.29889999999999983
-3.4249999999999994,-0.5249999999999999,-7.254632950000001,0.0,0.0,-0.29889999999999983
-2.9749999999999996,-0.5249999999999999,-7.254632950000001,0.0,0.0,-0.29889999999999983
-2.5249999999999995,-0.5249999999999999,-7.254632950000001,0.0,0.0,-0.29889999999999983
-2.0749999999999993,-0.5249999999999999,-7.254632950000001,0.0,0.0,-0.29889999999999983
-1.6249999999999996,-0.5249999999999999,-7.254632950000001,0.0,0.0,-0.29889999999999983
-1.1749999999999994,-0.5249999999999999,-7.254632950000001,0.0,0.0,-0.29889999999999983
-0.7249999999999996,-0.5249999999999999,-7.254632950000001,0.0,0.0,-0.29889999999999983
-0.27499999999999947,-0.5249999999999999,-7.254632950000001,0.0,0.0,-0.29889999999999983
-4.7749999999999995,-0.07499999999999973,-7.254632950000001,0.0,0.0,-0.29889999999999983
-4.324999999999999,-0.07499999999999973,-7.254632950000001,0.0,0.0,-0.29889999999999983
-3.8749999999999996,-0.07499999999999973,-7.254632950000001,0.0,0.0,-0.29889999999999983
-3.4249999999999994,-0.07499999999999973,-7.254632950000001,0.0,0.0,-0.29889999999999983
-2.9749999999999996,-0.07499999999999973,-7.254632950000001,0.0,0.0,-0.29889999999999983
-2.5249999999999995,-0.07499999999999973,-7.254632950000001,0.0,0.0,-0.29889999999999983
-2.0749999999999993,-0.07499999999999973,-7.254632950000001,0.0,0.0,-0.29889999999999983
-1.6249999999999996,-0.07499999999999973,-7.254632950000001,0.0,0.0,-0.29889999999999983
-1.1749999999999994,-0.07499999999999973,-7.254632950000001,0.0,0.0,-0.29889999999999983
-0.7249999999999996,-0.07499999999999973,-7.254632950000001,0.0,0.0,-0.29889999999999983
-0.27499999999999947,-0.07499999999999973,-7.254632950000001,0.0,0.0,-0.29889999999999983
-4.7749999999999995,0.375,-7.254632950000001,0.0,0.0,-0.29889999999999983
-4.324999999999999,0.375,-7.254632950000001,0.0,0.0,-0.29889999999999983
-3.8749999999999996,0.375,-7.254632950000001,0.0,0.0,-0.29889999999999983
-3.4249999999999994,0.375,-7.254632950000001,0.0,0.0,-0.29889999999999983
-2.9749999999999996,0.375,-7.254632950000001,0.0,0.0,-0.29889999999999983
-2.5249999999999995,0.375,-7.254632950000001,0.0,0.0,-0.29889999999999983
-2.0749999999999993,0.375,-7.254632950000001,0.0,0.0,-0.29889999999999983
-1.6249999999999996,0.375,-7.254632950000001,0.0,0.0,-0.29889999999999983
-1.1749999999999994,0.375,-7.254632950000001,0.0,0.0,-0.29889999999999983
-0.7249999999999996,0.375,-7.254632950000001,0.0,0.0,-0.29889999999999983
-0.27499999999999947,0.375,-7.254632950000001,0.0,0.0,-0.29889999999999983
-4.7749999999999995,0.8250000000000002,-7.254632950000001,0.0,0.0,-0.29889999999999983
-4.324999999999999,0.8250000000000002,-7.254632950000001,0.0,0.0,-0.29889999999999983
-3.8749999999999996,0.8250000000000002,-7.254632950000001,0.0,0.0,-0.29889999999999983
-3.4249999999999994,0.8250000000000002,-7.254632950000001,0.0,0.0,-0.29889999999999983
-2.9749999999999996,0.8250000000000002,-7.254632950000001,0.0,0.0,-0.29889999999999983
-2.5249999999999995,0.8250000000000002,-7.254632950000001,0.0,0.0,-0.29889999999999983
-2.0749999999999993,0.8250000000000002,-7.254632950000001,0.0,0.0,-0.29889999999999983
-1.6249999999999996,0.8250000000000002,-7.254632950000001,0.0,0.0,-0.29889999999999983
-1.1749999999999994,0.8250000000000002,-7.254632950000001,0.0,0.0,-0.29889999999999983
-0.7249999999999996,0.8250000000000002,-7.254632950000001,0.0,0.0,-0.29889999999999983
-0.27499999999999947,0.8250000000000002,-7.254632950000001,0.0,0.0,-0.29889999999999983
-4.7749999999999995,1.275,-7.254632950000001,0.0,0.0,-0.29889999999999983
-4.324999999999999,1.275,-7.254632950000001,0.0,0.0,-0.29889999999999983
-3.8749999999999996,1.275,-7.254632950000001,0.0,0.0,-0.29889999999999983
-3.4249999999999994,1.275,-7.254632950000001,0.0,0.0,-0.29889999999999983
-2.9749999999999996,1.275,-7.254632950000001,0.0,0.0,-0.29889999999999983
-2.5249999999999995,1.275,-7.254632950000001,0.0,0.0,-0.29889999999999983
-2.0749999999999993,1.275,-7.254632950000001,0.0,0.0,-0.29889999999999983
-1.6249999999999996,1.275,-7.254632950000001,0.0,0.0,-0.29889999999999983
-1.1749999999999994,1.275,-7.254632950000001,0.0,0.0,-0.29889999999999983
-0.7249999999999996,1.275,-7.254632950000001,0.0,0.0,-0.29889999999999983
-0.27499999999999947,1.275,-7.254632950000001,0.0,0.0,-0.29889999999999983
-4.7749999999999995,1.725,-7.254632950000001,0.0,0.0,-0.29889999999999983
-4.324999999999999,1.725,-7.254632950000001,0.0,0.0,-0.29889999999999983
-3.8749999999999996,1.725,-7.254632950000001,0.0,0.0,-0.29889999999999983
-3.4249999999999994,1.725,-7.254632950000001,0.0,0.0,-0.29889999999999983
-2.9749999999999996,1.725,-7.254632950000001,0.0,0.0,-0.29889999999999983
-2.5249999999999995,1.725,-7.254632950000001,0.0,0.0,-0.29889999999999983
-2.0749999999999993,1.725,-7.254632950000001,0.0,0.0,-0.29889999999999983
-1.6249999999999996,1.725,-7.254632950000001,0.0,0.0,-0.29889999999999983
-1.1749999999999994,1.725,-7.254632950000001,0.0,0.0,-0.29889999999999983
-0.7249999999999996,1.725,-7.254632950000001,0.0,0.0,-0.29889999999999983
-0.27499999999999947,1.725,-7.254632950000001,0.0,0.0,-0.29889999999999983
-4.7749999999999995,2.1750000000000003,-7.254632950000001,0.0,0.0,-0.29889999999999983
-4.324999999999999,2.1750000000000003,-7.254632950000001,0.0,0.0,-0.29889999999999983
-3.8749999999999996,2.1750000000000003,-7.254632950000001,0.0,0.0,-0.29889999999999983
-3.4249999999999994,2.1750000000000003,-7.254632950000001,0.0,0.0,-0.29889999999999983
-2.9749999999999996,2.1750000000000003,-7.254632950000001,0.0,0.0,-0.29889999999999983
-2.5249999999999995,2.1750000000000003,-7.254632950000001,0.0,0.0,-0.29889999999999983
-2.0749999999999993,2.1750000000000003,-7.254632950000001,0.0,0.0,-0.29889999999999983
-1.6249999999999996,2.1750000000000003,-7.254632950000001,0.0,0.0,-0.29889999999999983
-1.1749999999999994,2.1750000000000003,-7.254632950000001,0.0,0.0,-0.29889999999999983
-0.7249999999999996,2.1750000000000003,-7.254632950000001,0.0,0.0,-0.29889999999999983
-0.27499999999999947,2.1750000000000003,-7.254632950000001,0.0,0.0,-0.29889999999999983
-4.7749999999999995,2.6250000000000004,-7.254632950000001,0.0,0.0,-0.29889999999999983
-4.324999999999999,2.6250000000000004,-7.254632950000001,0.0,0.0,-0.29889999999999983
-3.8749999999999996,2.6250000000000004,-7.254632950000001,0.0,0.0,-0.29889999999999983
-3.4249999999999994,2.6250000000000004,-7.254632950000001,0.0,0.0,-0.29889999999999983
-2.9749999999999996,2.6250000000000004,-7.254632950000001,0.0,0.0,-0.29889999999999983
-2.5249999999999995,2.6250000000000004,-7.254632950000001,0.0,0.0,-0.29889999999999983
-2.0749999999999993,2.6250000000000004,-7.254632950000001,0.0,0.0,-0.29889999999999983
-1.6249999999999996,2.6250000000000004,-7.254632950000001,0.0,0.0,-0.29889999999999983
-1.1749999999999994,2.6250000000000004,-7.254632950000001,0.0,0.0,-0.29889999999999983
-0.7249999999999996,2.6250000000000004,-7.254632950000001,0.0,0.0,-0.29889999999999983
-0.27499999999999947,2.6250000000000004,-7.254632950000001,0.0,0.0,-0.29889999999999983
-4.725,-2.725,-6.704632950000001,0.0,0.0,-0.29889999999999983
-4.2749999999999995,-2.725,-6.704632950000001,0.0,0.0,-0.29889999999999983
-3.8249999999999997,-2.725,-6.704632950000001,0.0,0.0,-0.29889999999999983
-3.3749999999999996,-2.725,-6.704632950000001,0.0,0.0,-0.29889999999999983
-2.925,-2.725,-6.704632950000001,0.0,0.0,-0.29889999999999983
-2.4749999999999996,-2.725,-6.704632950000001,0.0,0.0,-0.29889999999999983
-2.0249999999999995,-2.725,-6.704632950000001,0.0,0.0,-0.29889999999999983
-1.5749999999999995,-2.725,-6.704632950000001,0.0,0.0,-0.29889999999999983
-1.1249999999999993,-2.725,-6.704632950000001,0.0,0.0,-0.29889999999999983
-0.6749999999999996,-2.725,-6.704632950000001,0.0,0.0,-0.29889999999999983
-0.22499999999999948,-2.725,-6.704632950000001,0.0,0.0,-0.29889999999999983
-4.725,-2.275,-6.704632950000001,0.0,0.0,-0.29889999999999983
-4.2749999999999995,-2.275,-6.704632950000001,0.0,0.0,-0.29889999999999983
-3.8249999999999997,-2.275,-6.704632950000001,0.0,0.0,-0.29889999999999983
-3.3749999999999996,-2.275,-6.704632950000001,0.0,0.0,-0.29889999999999983
-2.925,-2.275,-6.704632950000001,0.0,0.0,-0.29889999999999983
-2.4749999999999996,-2.275,-6.704632950000001,0.0,0.0,-0.29889999999999983
-2.0249999999999995,-2.275,-6.704632950000001,0.0,0.0,-0.29889999999999983
-1.5749999999999995,-2.275,-6.704632950000001,0.0,0.0,-0.29889999999999983
-1.1249999999999993,-2.275,-6.704632950000001,0.0,0.0,-0.29889999999999983
-0.6749999999999996,-2.275,-6.704632950000001,0.0,0.0,-0.29889999999999983
-0.22499999999999948,-2.275,-6.704632950000001,0.0,0.0,-0.29889999999999983
-4.725,-1.825,-6.704632950000001,0.0,0.0,-0.29889999999999983
-4.2749999999999995,-1.825,-6.704632950000001,0.0,0.0,-0.29889999999999983
-3.8249999999999997,-1.825,-6.704632950000001,0.0,0.0,-0.29889999999999983
-3.3749999999999996,-1.825,-6.704632950000001,0.0,0.0,-0.29889999999999983
-2.925,-1.825,-6.704632950000001,0.0,0.0,-0.29889999999999983
-2.4749999999999996,-1.825,-6.704632950000001,0.0,0.0,-0.29889999999999983
-2.0249999999999995,-1.825,-6.704632950000001,0.0,0.0,-0.29889999999999983
-1.5749999999999995,-1.825,-6.704632950000001,0.0,0.0,-0.29889999999999983
-1.1249999999999993,-1.825,-6.704632950000001,0.0,0.0,-0.29889999999999983
-0.6749999999999996,-1.825,-6.704632950000001,0.0,0.0,-0.29889999999999983
-0.22499999999999948,-1.825,-6.704632950000001,0.0,0.0,-0.29889999999999983
-4.725,-1.3749999999999998,-6.704632950000001,0.0,0.0,-0.29889999999999983
-4.2749999999999995,-1.3749999999999998,-6.704632950000001,0.0,0.0,-0.29889999999999983
-3.8249999999999997,-1.3749999999999998,-6.704632950000001,0.0,0.0,-0.29889999999999983
-3.3749999999999996,-1.3749999999999998,-6.704632950000001,0.0,0.0,-0.29889999999999983
-2.925,-1.3749999999999998,-6.704632950000001,0.0,0.0,-0.29889999999999983
-2.4749999999999996,-1.3749999999999998,-6.704632950000001,0.0,0.0,-0.29889999999999983
-2.0249999999999995,-1.3749999999999998,-6.704632950000001,0.0,0.0,-0.29889999999999983
-1.5749999999999995,-1.3749999999999998,-6.704632950000001,0.0,0.0,-0.29889999999999983
-1.1249999999999993,-1.3749999999999998,-6.704632950000001,0.0,0.0,-0.29889999999999983
-0.6749999999999996,-1.3749999999999998,-6.704632950000001,0.0,0.0,-0.29889999999999983
-0.22499999999999948,-1.3749999999999998,-6.704632950000001,0.0,0.0,-0.29889999999999983
-4.725,-0.9249999999999998,-6.704632950000001,0.0,0.0,-0.29889999999999983
-4.2749999999999995,-0.9249999999999998,-6.704632950000001,0.0,0.0,-0.29889999999999983
-3.8249999999999997,-0.9249999999999998,-6.704632950000001,0.0,0.0,-0.29889999999999983
-3.3749999999999996,-0.9249999999999998,-6.704632950000001,0.0,0.0,-0.29889999999999983
-2.925,-0.9249999999999998,-6.704632950000001,0.0,0.0,-0.29889999999999983
-2.4749999999999996,-0.9249999999999998,-6.704632950000001,0.0,0.0,-0.29889999999999983
-2.0249999999999995,-0.9249999999999998,-6.704632950000001,0.0,0.0,-0.29889999999999983
-1.5749999999999995,-0.9249999999999998,-6.704632950000001,0.0,0.0,-0.29889999999999983
-1.1249999999999993,-0.9249999999999998,-6.704632950000001,0.0,0.0,-0.29889999999999983
-0.6749999999999996,-0.9249999999999998,-6.704632950000001,0.0,0.0,-0.29889999999999983
-0.22499999999999948,-0.9249999999999998,-6.704632950000001,0.0,0.0,-0.29889999999999983
-4.725,-0.4749999999999999,-6.704632950000001,0.0,0.0,-0.29889999999999983
-4.2749999999999995,-0.4749999999999999,-6.704632950000001,0.0,0.0,-0.29889999999999983
-3.8249999999999997,-0.4749999999999999,-6.704632950000001,0.0,0.0,-0.29889999999999983
-3.3749999999999996,-0.4749999999999999,-6.704632950000001,0.0,0.0,-0.29889999999999983
-2.925,-0.4749999999999999,-6.704632950000001,0.0,0.0,-0.29889999999999983
-2.4749999999999996,-0.4749999999999999,-6.704632950000001,0.0,0.0,-0.29889999999999983
-2.0249999999999995,-0.4749999999999999,-6.704632950000001,0.0,0.0,-0.29889999999999983
-1.5749999999999995,-0.4749999999999999,-6.704632950000001,0.0,0.0,-0.29889999999999983
-1.1249999999999993,-0.4749999999999999,-6.704632950000001,0.0,0.0,-0.29889999999999983
-0.6749999999999996,-0.4749999999999999,-6.704632950000001,0.0,0.0,-0.29889999999999983
-0.22499999999999948,-0.4749999999999999,-6.704632950000001,0.0,0.0,-0.29889999999999983
-4.725,-0.02499999999999973,-6.704632950000001,0.0,0.0,-0.29889999999999983
-4.2749999999999995,-0.02499999999999973,-6.704632950000001,0.0,0.0,-0.29889999999999983
-3.8249999999999997,-0.02499999999999973,-6.704632950000001,0.0,0.0,-0.29889999999999983
-3.3749999999999996,-0.02499999999999973,-6.704632950000001,0.0,0.0,-0.29889999999999983
-2.925,-0.02499999999999973,-6.704632950000001,0.0,0.0,-0.29889999999999983
-2.4749999999999996,-0.02499999999999973,-6.704632950000001,0.0,0.0,-0.29889999999999983
-2.0249999999999995,-0.02499999999999973,-6.704632950000001,0.0,0.0,-0.29889999999999983
-1.5749999999999995,-0.02499999999999973,-6.704632950000001,0.0,0.0,-0.29889999999999983
-1.1249999999999993,-0.02499999999999973,-6.704632950000001,0.0,0.0,-0.29889999999999983
-0.6749999999999996,-0.02499999999999973,-6.704632950000001,0.0,0.0,-0.29889999999999983
-0.22499999999999948,-0.02499999999999973,-6.704632950000001,0.0,0.0,-0.29889999999999983
-4.725,0.425,-6.704632950000001,0.0,0.0,-0.29889999999999983
-4.2749999999999995,0.425,-6.704632950000001,0.0,0.0,-0.29889999999999983
-3.8249999999999997,0.425,-6.704632950000001,0.0,0.0,-0.29889999999999983
-3.3749999999999996,0.425,-6.704632950000001,0.0,0.0,-0.29889999999999983
-2.925,0.425,-6.704632950000001,0.0,0.0,-0.29889999999999983
-2.4749999999999996,0.425,-6.704632950000001,0.0,0.0,-0.29889999999999983
-2.0249999999999995,0.425,-6.704632950000001,0.0,0.0,-0.29889999999999983
-1.5749999999999995,0.425,-6.704632950000001,0.0,0.0,-0.29889999999999983
-1.1249999999999993,0.425,-6.704632950000001,0.0,0.0,-0.29889999999999983
-0.6749999999999996,0.425,-6.704632950000001,0.0,0.0,-0.29889999999999983
-0.22499999999999948,0.425,-6.704632950000001,0.0,0.0,-0.29889999999999983
-4.725,0.8750000000000002,-6.704632950000001,0.0,0.0,-0.29889999999999983
-4.2749999999999995,0.8750000000000002,-6.704632950000001,0.0,0.0,-0.29889999999999983
-3.8249999999999997,0.8750000000000002,-6.704632950000001,0.0,0.0,-0.29889999999999983
-3.3749999999999996,0.8750000000000002,-6.704632950000001,0.0,0.0,-0.29889999999999983
-2.925,0.8750000000000002,-6.704632950000001,0.0,0.0,-0.29889999999999983
-2.4749999999999996,0.8750000000000002,-6.704632950000001,0.0,0.0,-0.29889999999999983
-2.0249999999999995,0.8750000000000002,-6.704632950000001,0.0,0.0,-0.29889999999999983
-1.5749999999999995,0.8750000000000002,-6.704632950000001,0.0,0.0,-0.29889999999999983
-1.1249999999999993,0.8750000000000002,-6.704632950000001,0.0,0.0,-0.29889999999999983
-0.6749999999999996,0.8750000000000002,-6.704632950000001,0.0,0.0,-0.29889999999999983
-0.22499999999999948,0.8750000000000002,-6.704632950000001,0.0,0.0,-0.29889999999999983
-4.725,1.325,-6.704632950000001,0.0,0.0,-0.29889999999999983
-4.2749999999999995,1.325,-6.704632950000001,0.0,0.0,-0.29889999999999983
-3.8249999999999997,1.325,-6.704632950000001,0.0,0.0,-0.29889999999999983
-3.3749999999999996,1.325,-6.704632950000001,0.0,0.0,-0.29889999999999983
-2.925,1.325,-6.704632950000001,0.0,0.0,-0.29889999999999983
-2.4749999999999996,1.325,-6.704632950000001,0.0,0.0,-0.29889999999999983
-2.0249999999999995,1.325,-6.704632950000001,0.0,0.0,-0.29889999999999983
-1.5749999999999995,1.325,-6.704632950000001,0.0,0.0,-0.29889999999999983
-1.1249999999999993,1.325,-6.704632950000001,0.0,0.0,-0.29889999999999983
-0.6749999999999996,1.325,-6.704632950000001,0.0,0.0,-0.29889999999999983
-0.22499999999999948,1.325,-6.704632950000001,0.0,0.0,-0.29889999999999983
-4.725,1.7750000000000001,-6.704632950000001,0.0,0.0,-0.29889999999999983
-4.2749999999999995,1.7750000000000001,-6.704632950000001,0.0,0.0,-0.29889999999999983
-3.8249999999999997,1.7750000000000001,-6.704632950000001,0.0,0.0,-0.29889999999999983
-3.3749999999999996,1.7750000000000001,-6.704632950000001,0.0,0.0,-0.29889999999999983
-2.925,1.7750000000000001,-6.704632950000001,0.0,0.0,-0.29889999999999983
-2.4749999999999996,1.7750000000000001,-6.704632950000001,0.0,0.0,-0.29889999999999983
-2.0249999999999995,1.7750000000000001,-6.704632950000001,0.0,0.0,-0.29889999999999983
-1.5749999999999995,1.7750000000000001,-6.704632950000001,0.0,0.0,-0.29889999999999983
-1.1249999999999993,1.7750000000000001,-6.704632950000001,0.0,0.0,-0.29889999999999983
-0.6749999999999996,1.7750000000000001,-6.704632950000001,0.0,0.0,-0.29889999999999983
-0.22499999999999948,1.7750000000000001,-6.704632950000001,0.0,0.0,-0.29889999999999983
-4.725,2.225,-6.704632950000001,0.0,0.0,-0.29889999999999983
-4.2749999999999995,2.225,-6.704632950000001,0.0,0.0,-0.29889999999999983
-3.8249999999999997,2.225,-6.704632950000001,0.0,0.0,-0.29889999999999983
-3.3749999999999996,2.225,-6.704632950000001,0.0,0.0,-0.29889999999999983
-2.925,2.225,-6.704632950000001,0.0,0.0,-0.29889999999999983
-2.4749999999999996,2.225,-6.704632950000001,0.0,0.0,-0.29889999999999983
-2.0249999999999995,2.225,-6.704632950000001,0.0,0.0,-0.29889999999999983
-1.5749999999999995,2.225,-6.704632950000001,0.0,0.0,-0.29889999999999983
-1.1249999999999993,2.225,-6.704632950000001,0.0,0.0,-0.29889999999999983
-0.6749999999999996,2.225,-6.704632950000001,0.0,0.0,-0.29889999999999983
-0.22499999999999948,2.225,-6.704632950000001,0.0,0.0,-0.29889999999999983
-4.725,2.6750000000000003,-6.704632950000001,0.0,0.0,-0.29889999999999983
-4.2749999999999995,2.6750000000000003,-6.704632950000001,0.0,0.0,-0.29889999999999983
-3.8249999999999997,2.6750000000000003,-6.704632950000001,0.0,0.0,-0.29889999999999983
-3.3749999999999996,2.6750000000000003,-6.704632950000001,0.0,0.0,-0.29889999999999983
-2.925,2.6750000000000003,-6.704632950000001,0.0,0.0,-0.29889999999999983
-2.4749999999999996,2.6750000000000003,-6.704632950000001,0.0,0.0,-0.29889999999999983
-2.0249999999999995,2.6750000000000003,-6.704632950000001,0.0,0.0,-0.29889999999999983
-1.5749999999999995,2.6750000000000003,-6.704632950000001,0.0,0.0,-0.29889999999999983
-1.1249999999999993,2.6750000000000003,-6.704632950000001,0.0,0.0,-0.29889999999999983
-0.6749999999999996,2.6750000000000003,-6.704632950000001,0.0,0.0,-0.29889999999999983
-0.22499999999999948,2.6750000000000003,-6.704632950000001,0.0,0.0,-0.29889999999999983
-4.7749999999999995,-2.775,-6.154632950000001,0.0,0.0,-0.29889999999999983
-4.324999999999999,-2.775,-6.154632950000001,0.0,0.0,-0.29889999999999983
-3.8749999999999996,-2.775,-6.154632950000001,0.0,0.0,-0.29889999999999983
-3.4249999999999994,-2.775,-6.154632950000001,0.0,0.0,-0.29889999999999983
-2.9749999999999996,-2.775,-6.154632950000001,0.0,0.0,-0.29889999999999983
-2.5249999999999995,-2.775,-6.154632950000001,0.0,0.0,-0.29889999999999983
-2.0749999999999993,-2.775,-6.154632950000001,0.0,0.0,-0.29889999999999983
-1.6249999999999996,-2.775,-6.154632950000001,0.0,0.0,-0.29889999999999983
-1.1749999999999994,-2.775,-6.154632950000001,0.0,0.0,-0.29889999999999983
-0.7249999999999996,-2.775,-6.154632950000001,0.0,0.0,-0.29889999999999983
-0.27499999999999947,-2.775,-6.154632950000001,0.0,0.0,-0.29889999999999983
-4.7749999999999995,-2.3249999999999997,-6.154632950000001,0.0,0.0,-0.29889999999999983
-4.324999999999999,-2.3249999999999997,-6.154632950000001,0.0,0.0,-0.29889999999999983
-3.8749999999999996,-2.3249999999999997,-6.154632950000001,0.0,0.0,-0.29889999999999983
-3.4249999999999994,-2.3249999999999997,-6.154632950000001,0.0,0.0,-0.29889999999999983
-2.9749999999999996,-2.3249999999999997,-6.154632950000001,0.0,0.0,-0.29889999999999983
-2.5249999999999995,-2.3249999999999997,-6.154632950000001,0.0,0.0,-0.29889999999999983
-2.0749999999999993,-2.3249999999999997,-6.154632950000001,0.0,0.0,-0.29889999999999983
-1.6249999999999996,-2.3249999999999997,-6.154632950000001,0.0,0.0,-0.29889999999999983
-1.1749999999999994,-2.3249999999999997,-6.154632950000001,0.0,0.0,-0.29889999999999983
-0.7249999999999996,-2.3249999999999997,-6.154632950000001,0.0,0.0,-0.29889999999999983
-0.27499999999999947,-2.3249999999999997,-6.154632950000001,0.0,0.0,-0.29889999999999983
-4.7749999999999995,-1.875,-6.154632950000001,0.0,0.0,-0.29889999999999983
-4.324999999999999,-1.875,-6.154632950000001,0.0,0.0,-0.29889999999999983
-3.8749999999999996,-1.875,-6.154632950000001,0.0,0.0,-0.29889999999999983
-3.4249999999999994,-1.875,-6.154632950000001,0.0,0.0,-0.29889999999999983
-2.9749999999999996,-1.875,-6.154632950000001,0.0,0.0,-0.29889999999999983
-2.5249999999999995,-1.875,-6.154632950000001,0.0,0.0,-0.29889999999999983
-2.0749999999999993,-1.875,-6.154632950000001,0.0,0.0,-0.29889999999999983
-1.6249999999999996,-1.875,-6.154632950000001,0.0,0.0,-0.29889999999999983
-1.1749999999999994,-1.875,-6.154632950000001,0.0,0.0,-0.29889999999999983
-0.7249999999999996,-1.875,-6.154632950000001,0.0,0.0,-0.29889999999999983
-0.27499999999999947,-1.875,-6.154632950000001,0.0,0.0,-0.29889999999999983
-4.7749999999999995,-1.4249999999999998,-6.154632950000001,0.0,0.0,-0.29889999999999983
-4.324999999999999,-1.4249999999999998,-6.154632950000001,0.0,0.0,-0.29889999999999983
-3.8749999999999996,-1.4249999999999998,-6.154632950000001,0.0,0.0,-0.29889999999999983
-3.4249999999999994,-1.4249999999999998,-6.154632950000001,0.0,0.0,-0.29889999999999983
-2.9749999999999996,-1.4249999999999998,-6.154632950000001,0.0,0.0,-0.29889999999999983
-2.5249999999999995,-1.4249999999999998,-6.154632950000001,0.0,0.0,-0.29889999999999983
-2.0749999999999993,-1.4249999999999998,-6.154632950000001,0.0,0.0,-0.29889999999999983
-1.6249999999999996,-1.4249999999999998,-6.154632950000001,0.0,0.0,-0.29889999999999983
-1.1749999999999994,-1.4249999999999998,-6.154632950000001,0.0,0.0,-0.29889999999999983
-0.7249999999999996,-1.4249999999999998,-6.154632950000001,0.0,0.0,-0.29889999999999983
-0.27499999999999947,-1.4249999999999998,-6.154632950000001,0.0,0.0,-0.29889999999999983
-4.7749999999999995,-0.9749999999999999,-6.154632950000001,0.0,0.0,-0.29889999999999983
-4.324999999999999,-0.9749999999999999,-6.154632950000001,0.0,0.0,-0.29889999999999983
-3.8749999999999996,-0.9749999999999999,-6.154632950000001,0.0,0.0,-0.29889999999999983
-3.4249999999999994,-0.9749999999999999,-6.154632950000001,0.0,0.0,-0.29889999999999983
-2.9749999999999996,-0.9749999999999999,-6.154632950000001,0.0,0.0,-0.29889999999999983
-2.5249999999999995,-0.9749999999999999,-6.154632950000001,0.0,0.0,-0.29889999999999983
-2.0749999999999993,-0.9749999999999999,-6.154632950000001,0.0,0.0,-0.29889999999999983
-1.6249999999999996,-0.9749999999999999,-6.154632950000001,0.0,0.0,-0.29889999999999983
-1.1749999999999994,-0.9749999999999999,-6.154632950000001,0.0,0.0,-0.29889999999999983
-0.7249999999999996,-0.9749999999999999,-6.154632950000001,0.0,0.0,-0.29889999999999983
-0.27499999999999947,-0.9749999999999999,-6.154632950000001,0.0,0.0,-0.29889999999999983
-4.7749999999999995,-0.5249999999999999,-6.154632950000001,0.0,0.0,-0.29889999999999983
-4.324999999999999,-0.5249999999999999,-6.154632950000001,0.0,0.0,-0.29889999999999983
-3.8749999999999996,-0.5249999999999999,-6.154632950000001,0.0,0.0,-0.29889999999999983
-3.4249999999999994,-0.5249999999999999,-6.154632950000001,0.0,0.0,-0.29889999999999983
-2.9749999999999996,-0.5249999999999999,-6.154632950000001,0.0,0.0,-0.29889999999999983
-2.5249999999999995,-0.5249999999999999,-6.154632950000001,0.0,0.0,-0.29889999999999983
-2.0749999999999993,-0.5249999999999999,-6.154632950000001,0.0,0.0,-0.29889999999999983
-1.6249999999999996,-0.5249999999999999,-6.154632950000001,0.0,0.0,-0.29889999999999983
-1.1749999999999994,-0.5249999999999999,-6.154632950000001,0.0,0.0,-0.29889999999999983
-0.7249999999999996,-0.5249999999999999,-6.154632950000001,0.0,0.0,-0.29889999999999983
-0.27499999999999947,-0.5249999999999999,-6.154632950000001,0.0,0.0,-0.29889999999999983
-4.7749999999999995,-0.07499999999999973,-6.154632950000001,0.0,0.0,-0.29889999999999983
-4.324999999999999,-0.07499999999999973,-6.154632950000001,0.0,0.0,-0.29889999999999983
-3.8749999999999996,-0.07499999999999973,-6.154632950000001,0.0,0.0,-0.29889999999999983
-3.4249999999999994,-0.07499999999999973,-6.154632950000001,0.0,0.0,-0.29889999999999983
-2.9749999999999996,-0.07499999999999973,-6.154632950000001,0.0,0.0,-0.29889999999999983
-2.5249999999999995,-0.07499999999999973,-6.154632950000001,0.0,0.0,-0.29889999999999983
-2.0749999999999993,-0.07499999999999973,-6.154632950000001,0.0,0.0,-0.29889999999999983
-1.6249999999999996,-0.07499999999999973,-6.154632950000001,0.0,0.0,-0.29889999999999983
-1.1749999999999994,-0.07499999999999973,-6.154632950000001,0.0,0.0,-0.29889999999999983
-0.7249999999999996,-0.07499999999999973,-6.154632950000001,0.0,0.0,-0.29889999999999983
-0.27499999999999947,-0.07499999999999973,-6.154632950000001,0.0,0.0,-0.29889999999999983
-4.7749999999999995,0.375,-6.154632950000001,0.0,0.0,-0.29889999999999983
-4.324999999999999,0.375,-6.154632950000001,0.0,0.0,-0.29889999999999983
-3.8749999999999996,0.375,-6.154632950000001,0.0,0.0,-0.29889999999999983
-3.4249999999999994,0.375,-6.154632950000001,0.0,0.0,-0.29889999999999983
-2.9749999999999996,0.375,-6.154632950000001,0.0,0.0,-0.29889999999999983
-2.5249999999999995,0.375,-6.154632950000001,0.0,0.0,-0.29889999999999983
-2.0749999999999993,0.375,-6.154632950000001,0.0,0.0,-0.29889999999999983
-1.6249999999999996,0.375,-6.154632950000001,0.0,0.0,-0.29889999999999983
-1.1749999999999994,0.375,-6.154632950000001,0.0,0.0,-0.29889999999999983
-0.7249999999999996,0.375,-6.154632950000001,0.0,0.0,-0.29889999999999983
-0.27499999999999947,0.375,-6.154632950000001,0.0,0.0,-0.29889999999999983
-4.7749999999999995,0.8250000000000002,-6.154632950000001,0.0,0.0,-0.29889999999999983
-4.324999999999999,0.8250000000000002,-6.154632950000001,0.0,0.0,-0.29889999999999983
-3.8749999999999996,0.8250000000000002,-6.154632950000001,0.0,0.0,-0.29889999999999983
-3.4249999999999994,0.8250000000000002,-6.154632950000001,0.0,0.0,-0.29889999999999983
-2.9749999999999996,0.8250000000000002,-6.154632950000001,0.0,0.0,-0.29889999999999983
-2.5249999999999995,0.8250000000000002,-6.154632950000001,0.0,0.0,-0.29889999999999983
-2.0749999999999993,0.8250000000000002,-6.154632950000001,0.0,0.0,-0.29889999999999983
-1.6249999999999996,0.8250000000000002,-6.154632950000001,0.0,0.0,-0.29889999999999983
-1.1749999999999994,0.8250000000000002,-6.154632950000001,0.0,0.0,-0.29889999999999983
-0.7249999999999996,0.8250000000000002,-6.154632950000001,0.0,0.0,-0.29889999999999983
-0.27499999999999947,0.8250000000000002,-6.154632950000001,0.0,0.0,-0.29889999999999983
-4.7749999999999995,1.275,-6.154632950000001,0.0,0.0,-0.29889999999999983
-4.324999999999999,1.275,-6.154632950000001,0.0,0.0,-0.29889999999999983
-3.8749999999999996,1.275,-6.154632950000001,0.0,0.0,-0.29889999999999983
-3.4249999999999994,1.275,-6.154632950000001,0.0,0.0,-0.29889999999999983
-2.9749999999999996,1.275,-6.154632950000001,0.0,0.0,-0.29889999999999983
-2.5249999999999995,1.275,-6.154632950000001,0.0,0.0,-0.29889999999999983
-2.0749999999999993,1.275,-6.154632950000001,0.0,0.0,-0.29889999999999983
-1.6249999999999996,1.275,-6.154632950000001,0.0,0.0,-0.29889999999999983
-1.1749999999999994,1.275,-6.154632950000001,0.0,0.0,-0.29889999999999983
-0.7249999999999996,1.275,-6.154632950000001,0.0,0.0,-0.29889999999999983
-0.27499999999999947,1.275,-6.154632950000001,0.0,0.0,-0.29889999999999983
-4.7749999999999995,1.725,-6.154632950000001,0.0,0.0,-0.29889999999999983
-4.324999999999999,1.725,-6.154632950000001,0.0,0.0,-0.29889999999999983
-3.8749999999999996,1.725,-6.154632950000001,0.0,0.0,-0.29889999999999983
-3.4249999999999994,1.725,-6.154632950000001,0.0,0.0,-0.29889999999999983
-2.9749999999999996,1.725,-6.154632950000001,0.0,0.0,-0.29889999999999983
-2.5249999999999995,1.725,-6.154632950000001,0.0,0.0,-0.29889999999999983
-2.0749999999999993,1.725,-6.154632950000001,0.0,0.0,-0.29889999999999983
-1.6249999999999996,1.725,-6.154632950000001,0.0,0.0,-0.29889999999999983
-1.1749999999999994,1.725,-6.154632950000001,0.0,0.0,-0.29889999999999983
-0.7249999999999996,1.725,-6.154632950000001,0.0,0.0,-0.29889999999999983
-0.27499999999999947,1.725,-6.154632950000001,0.0,0.0,-0.29889999999999983
-4.7749999999999995,2.1750000000000003,-6.154632950000001,0.0,0.0,-0.29889999999999983
-4.324999999999999,2.1750000000000003,-6.154632950000001,0.0,0.0,-0.29889999999999983
-3.8749999999999996,2.1750000000000003,-6.154632950000001,0.0,0.0,-0.29889999999999983
-3.4249999999999994,2.1750000000000003,-6.154632950000001,0.0,0.0,-0.29889999999999983
-2.9749999999999996,2.1750000000000003,-6.154632950000001,0.0,0.0,-0.29889999999999983
-2.5249999999999995,2.1750000000000003,-6.154632950000001,0.0,0.0,-0.29889999999999983
-2.0749999999999993,2.1750000000000003,-6.154632950000001,0.0,0.0,-0.29889999999999983
-1.6249999999999996,2.1750000000000003,-6.154632950000001,0.0,0.0,-0.29889999999999983
-1.1749999999999994,2.1750000000000003,-6.154632950000001,0.0,0.0,-0.29889999999999983
-0.7249999999999996,2.1750000000000003,-6.154632950000001,0.0,0.0,-0.29889999999999983
-0.27499999999999947,2.1750000000000003,-6.154632950000001,0.0,0.0,-0.29889999999999983
-4.7749999999999995,2.6250000000000004,-6.154632950000001,0.0,0.0,-0.29889999999999983
-4.324999999999999,2.6250000000000004,-6.154632950000001,0.0,0.0,-0.29889999999999983
-3.8749999999999996,2.6250000000000004,-6.154632950000001,0.0,0.0,-0.29889999999999983
-3.4249999999999994,2.6250000000000004,-6.154632950000001,0.0,0.0,-0.29889999999999983
-2.9749999999999996,2.6250000000000004,-6.154632950000001,0.0,0.0,-0.29889999999999983
-2.5249999999999995,2.6250000000000004,-6.154632950000001,0.0,0.0,-0.29889999999999983
-2.0749999999999993,2.6250000000000004,-6.154632950000001,0.0,0.0,-0.29889999999999983
-1.6249999999999996,2.6250000000000004,-6.154632950000001,0.0,0.0,-0.29889999999999983
-1.1749999999999994,2.6250000000000004,-6.154632950000001,0.0,0.0,-0.29889999999999983
-0.7249999999999996,2.6250000000000004,-6.154632950000001,0.0,0.0,-0.29889999999999983
-0.27499999999999947,2.6250000000000004,-6.154632950000001,0.0,0.0,-0.29889999999999983
-4.725,-2.725,-5.604632950000001,0.0,0.0,-0.29889999999999983
-4.2749999999999995,-2.725,-5.604632950000001,0.0,0.0,-0.29889999999999983
-3.8249999999999997,-2.725,-5.604632950000001,0.0,0.0,-0.29889999999999983
-3.3749999999999996,-2.725,-5.604632950000001,0.0,0.0,-0.29889999999999983
-2.925,-2.725,-5.604632950000001,0.0,0.0,-0.29889999999999983
-2.4749999999999996,-2.725,-5.604632950000001,0.0,0.0,-0.29889999999999983
-2.0249999999999995,-2.725,-5.604632950000001,0.0,0.0,-0.29889999999999983
-1.5749999999999995,-2.725,-5.604632950000001,0.0,0.0,-0.29889999999999983
-1.1249999999999993,-2.725,-5.604632950000001,0.0,0.0,-0.29889999999999983
-0.6749999999999996,-2.725,-5.604632950000001,0.0,0.0,-0.29889999999999983
-0.22499999999999948,-2.725,-5.604632950000001,0.0,0.0,-0.29889999999999983
-4.725,-2.275,-5.604632950000001,0.0,0.0,-0.29889999999999983
-4.2749999999999995,-2.275,-5.604632950000001,0.0,0.0,-0.29889999999999983
-3.8249999999999997,-2.275,-5.604632950000001,0.0,0.0,-0.29889999999999983
-3.3749999999999996,-2.275,-5.604632950000001,0.0,0.0,-0.29889999999999983
-2.925,-2.275,-5.604632950000001,0.0,0.0,-0.29889999999999983
-2.4749999999999996,-2.275,-5.604632950000001,0.0,0.0,-0.29889999999999983
-2.0249999999999995,-2.275,-5.604632950000001,0.0,0.0,-0.29889999999999983
-1.5749999999999995,-2.275,-5.604632950000001,0.0,0.0,-0.29889999999999983
-1.1249999999999993,-2.275,-5.604632950000001,0.0,0.0,-0.29889999999999983
-0.6749999999999996,-2.275,-5.604632950000001,0.0,0.0,-0.29889999999999983
-0.22499999999999948,-2.275,-5.604632950000001,0.0,0.0,-0.29889999999999983
-4.725,-1.825,-5.604632950000001,0.0,0.0,-0.29889999999999983
-4.2749999999999995,-1.825,-5.604632950000001,0.0,0.0,-0.29889999999999983
-3.8249999999999997,-1.825,-5.604632950000001,0.0,0.0,-0.29889999999999983
-3.3749999999999996,-1.825,-5.604632950000001,0.0,0.0,-0.29889999999999983
-2.925,-1.825,-5.604632950000001,0.0,0.0,-0.29889999999999983
-2.4749999999999996,-1.825,-5.604632950000001,0.0,0.0,-0.29889999999999983
-2.0249999999999995,-1.825,-5.604632950000001,0.0,0.0,-0.29889999999999983
-1.5749999999999995,-1.825,-5.604632950000001,0.0,0.0,-0.29889999999999983
-1.1249999999999993,-1.825,-5.604632950000001,0.0,0.0,-0.29889999999999983
-0.6749999999999996,-1.825,-5.604632950000001,0.0,0.0,-0.29889999999999983
-0.22499999999999948,-1.825,-5.604632950000001,0.0,0.0,-0.29889999999999983
-4.725,-1.3749999999999998,-5.604632950000001,0.0,0.0,-0.29889999999999983
-4.2749999999999995,-1.3749999999999998,-5.604632950000001,0.0,0.0,-0.29889999999999983
-3.8249999999999997,-1.3749999999999998,-5.604632950000001,0.0,0.0,-0.29889999999999983
-3.3749999999999996,-1.3749999999999998,-5.604632950000001,0.0,0.0,-0.29889999999999983
-2.925,-1.3749999999999998,-5.604632950000001,0.0,0.0,-0.29889999999999983
-2.4749999999999996,-1.3749999999999998,-5.604632950000001,0.0,0.0,-0.29889999999999983
-2.0249999999999995,-1.3749999999999998,-5.604632950000001,0.0,0.0,-0.29889999999999983
-1.5749999999999995,-1.3749999999999998,-5.604632950000001,0.0,0.0,-0.29889999999999983
-1.1249999999999993,-1.3749999999999998,-5.604632950000001,0.0,0.0,-0.29889999999999983
-0.6749999999999996,-1.3749999999999998,-5.604632950000001,0.0,0.0,-0.29889999999999983
-0.22499999999999948,-1.3749999999999998,-5.604632950000001,0.0,0.0,-0.29889999999999983
-4.725,-0.9249999999999998,-5.604632950000001,0.0,0.0,-0.29889999999999983
-4.2749999999999995,-0.9249999999999998,-5.604632950000001,0.0,0.0,-0.29889999999999983
-3.8249999999999997,-0.9249999999999998,-5.604632950000001,0.0,0.0,-0.29889999999999983
-3.3749999999999996,-0.9249999999999998,-5.604632950000001,0.0,0.0,-0.29889999999999983
-2.925,-0.9249999999999998,-5.604632950000001,0.0,0.0,-0.29889999999999983
-2.4749999999999996,-0.9249999999999998,-5.604632950000001,0.0,0.0,-0.29889999999999983
-2.0249999999999995,-0.9249999999999998,-5.604632950000001,0.0,0.0,-0.29889999999999983
-1.5749999999999995,-0.9249999999999998,-5.604632950000001,0.0,0.0,-0.29889999999999983
-1.1249999999999993,-0.9249999999999998,-5.604632950000001,0.0,0.0,-0.29889999999999983
-0.6749999999999996,-0.9249999999999998,-5.604632950000001,0.0,0.0,-0.29889999999999983
-0.22499999999999948,-0.9249999999999998,-5.604632950000001,0.0,0.0,-0.29889999999999983
-4.725,-0.4749999999999999,-5.604632950000001,0.0,0.0,-0.29889999999999983
-4.2749999999999995,-0.4749999999999999,-5.604632950000001,0.0,0.0,-0.29889999999999983
-3.8249999999999997,-0.4749999999999999,-5.604632950000001,0.0,0.0,-0.29889999999999983
-3.3749999999999996,-0.4749999999999999,-5.604632950000001,0.0,0.0,-0.29889999999999983
-2.925,-0.4749999999999999,-5.604632950000001,0.0,0.0,-0.29889999999999983
-2.4749999999999996,-0.4749999999999999,-5.604632950000001,0.0,0.0,-0.29889999999999983
-2.0249999999999995,-0.4749999999999999,-5.604632950000001,0.0,0.0,-0.29889999999999983
-1.5749999999999995,-0.4749999999999999,-5.604632950000001,0.0,0.0,-0.29889999999999983
-1.1249999999999993,-0.4749999999999999,-5.604632950000001,0.0,0.0,-0.29889999999999983
-0.6749999999999996,-0.4749999999999999,-5.604632950000001,0.0,0.0,-0.29889999999999983
-0.22499999999999948,-0.4749999999999999,-5.604632950000001,0.0,0.0,-0.29889999999999983
-4.725,-0.02499999999999973,-5.604632950000001,0.0,0.0,-0.29889999999999983
-4.2749999999999995,-0.02499999999999973,-5.604632950000001,0.0,0.0,-0.29889999999999983
-3.8249999999999997,-0.02499999999999973,-5.604632950000001,0.0,0.0,-0.29889999999999983
-3.3749999999999996,-0.02499999999999973,-5.604632950000001,0.0,0.0,-0.29889999999999983
-2.925,-0.02499999999999973,-5.604632950000001,0.0,0.0,-0.29889999999999983
-2.4749999999999996,-0.02499999999999973,-5.604632950000001,0.0,0.0,-0.29889999999999983
-2.0249999999999995,-0.02499999999999973,-5.604632950000001,0.0,0.0,-0.29889999999999983
-1.5749999999999995,-0.02499999999999973,-5.604632950000001,0.0,0.0,-0.29889999999999983
-1.1249999999999993,-0.02499999999999973,-5.604632950000001,0.0,0.0,-0.29889999999999983
-0.6749999999999996,-0.02499999999999973,-5.604632950000001,0.0,0.0,-0.29889999999999983
-0.22499999999999948,-0.02499999999999973,-5.604632950000001,0.0,0.0,-0.29889999999999983
-4.725,0.425,-5.604632950000001,0.0,0.0,-0.29889999999999983
-4.2749999999999995,0.425,-5.604632950000001,0.0,0.0,-0.29889999999999983
-3.8249999999999997,0.425,-5.604632950000001,0.0,0.0,-0.29889999999999983
-3.3749999999999996,0.425,-5.604632950000001,0.0,0.0,-0.29889999999999983
-2.925,0.425,-5.604632950000001,0.0,0.0,-0.29889999999999983
-2.4749999999999996,0.425,-5.604632950000001,0.0,0.0,-0.29889999999999983
-2.0249999999999995,0.425,-5.604632950000001,0.0,0.0,-0.29889999999999983
-1.5749999999999995,0.425,-5.604632950000001,0.0,0.0,-0.29889999999999983
-1.1249999999999993,0.425,-5.604632950000001,0.0,0.0,-0.29889999999999983
-0.6749999999999996,0.425,-5.604632950000001,0.0,0.0,-0.29889999999999983
-0.22499999999999948,0.425,-5.604632950000001,0.0,0.0,-0.29889999999999983
-4.725,0.8750000000000002,-5.604632950000001,0.0,0.0,-0.29889999999999983
-4.2749999999999995,0.8750000000000002,-5.604632950000001,0.0,0.0,-0.29889999999999983
-3.8249999999999997,0.8750000000000002,-5.604632950000001,0.0,0.0,-0.29889999999999983
-3.3749999999999996,0.8750000000000002,-5.604632950000001,0.0,0.0,-0.29889999999999983
-2.925,0.8750000000000002,-5.604632950000001,0.0,0.0,-0.29889999999999983
-2.4749999999999996,0.8750000000000002,-5.604632950000001,0.0,0.0,-0.29889999999999983
-2.0249999999999995,0.8750000000000002,-5.604632950000001,0.0,0.0,-0.29889999999999983
-1.5749999999999995,0.8750000000000002,-5.604632950000001,0.0,0.0,-0.29889999999999983
-1.1249999999999993,0.8750000000000002,-5.604632950000001,0.0,0.0,-0.29889999999999983
-0.6749999999999996,0.8750000000000002,-5.604632950000001,0.0,0.0,-0.29889999999999983
-0.22499999999999948,0.8750000000000002,-5.604632950000001,0.0,0.0,-0.29889999999999983
-4.725,1.325,-5.604632950000001,0.0,0.0,-0.29889999999999983
-4.2749999999999995,1.325,-5.604632950000001,0.0,0.0,-0.29889999999999983
-3.8249999999999997,1.325,-5.604632950000001,0.0,0.0,-0.29889999999999983
-3.3749999999999996,1.325,-5.604632950000001,0.0,0.0,-0.29889999999999983
-2.925,1.325,-5.604632950000001,0.0,0.0,-0.29889999999999983
-2.4749999999999996,1.325,-5.604632950000001,0.0,0.0,-0.29889999999999983
-2.0249999999999995,1.325,-5.604632950000001,0.0,0.0,-0.29889999999999983
-1.5749999999999995,1.325,-5.604632950000001,0.0,0.0,-0.29889999999999983
-1.1249999999999993,1.325,-5.604632950000001,0.0,0.0,-0.29889999999999983
-0.6749999999999996,1.325,-5.604632950000001,0.0,0.0,-0.29889999999999983
-0.22499999999999948,1.325,-5.604632950000001,0.0,0.0,-0.29889999999999983
-4.725,1.7750000000000001,-5.604632950000001,0.0,0.0,-0.29889999999999983
-4.2749999999999995,1.7750000000000001,-5.604632950000001,0.0,0.0,-0.29889999999999983
-3.8249999999999997,1.7750000000000001,-5.604632950000001,0.0,0.0,-0.29889999999999983
-3.3749999999999996,1.7750000000000001,-5.604632950000001,0.0,0.0,-0.29889999999999983
-2.925,1.7750000000000001,-5.604632950000001,0.0,0.0,-0.29889999999999983
-2.4749999999999996,1.7750000000000001,-5.604632950000001,0.0,0.0,-0.29889999999999983
-2.0249999999999995,1.7750000000000001,-5.604632950000001,0.0,0.0,-0.29889999999999983
-1.5749999999999995,1.7750000000000001,-5.604632950000001,0.0,0.0,-0.29889999999999983
-1.1249999999999993,1.7750000000000001,-5.604632950000001,0.0,0.0,-0.29889999999999983
-0.6749999999999996,1.7750000000000001,-5.604632950000001,0.0,0.0,-0.29889999999999983
-0.22499999999999948,1.7750000000000001,-5.604632950000001,0.0,0.0,-0.29889999999999983
-4.725,2.225,-5.604632950000001,0.0,0.0,-0.29889999999999983
-4.2749999999999995,2.225,-5.604632950000001,0.0,0.0,-0.29889999999999983
-3.8249999999999997,2.225,-5.604632950000001,0.0,0.0,-0.29889999999999983
-3.3749999999999996,2.225,-5.604632950000001,0.0,0.0,-0.29889999999999983
-2.925,2.225,-5.604632950000001,0.0,0.0,-0.29889999999999983
-2.4749999999999996,2.225,-5.604632950000001,0.0,0.0,-0.29889999999999983
-2.0249999999999995,2.225,-5.604632950000001,0.0,0.0,-0.29889999999999983
-1.5749999999999995,2.225,-5.604632950000001,0.0,0.0,-0.29889999999999983
-1.1249999999999993,2.225,-5.604632950000001,0.0,0.0,-0.29889999999999983
-0.6749999999999996,2.225,-5.604632950000001,0.0,0.0,-0.29889999999999983
-0.22499999999999948,2.225,-5.604632950000001,0.0,0.0,-0.29889999999999983
-4.725,2.6750000000000003,-5.604632950000001,0.0,0.0,-0.29889999999999983
-4.2749999999999995,2.6750000000000003,-5.604632950000001,0.0,0.0,-0.29889999999999983
-3.8249999999999997,2.6750000000000003,-5.604632950000001,0.0,0.0,-0.29889999999999983
-3.3749999999999996,2.6750000000000003,-5.604632950000001,0.0,0.0,-0.29889999999999983
-2.925,2.6750000000000003,-5.604632950000001,0.0,0.0,-0.29889999999999983
-2.4749999999999996,2.6750000000000003,-5.604632950000001,0.0,0.0,-0.29889999999999983
-2.0249999999999995,2.6750000000000003,-5.604632950000001,0.0,0.0,-0.29889999999999983
-1.5749999999999995,2.6750000000000003,-5.604632950000001,0.0,0.0,-0.29889999999999983
-1.1249999999999993,2.6750000000000003,-5.604632950000001,0.0,0.0,-0.29889999999999983
-0.6749999999999996,2.6750000000000003,-5.604632950000001,0.0,0.0,-0.29889999999999983
-0.22499999999999948,2.6750000000000003,-5.604632950000001,0.0,0.0,-0.29889999999999983
-4.7749999999999995,-2.775,-5.054632950000001,0.0,0.0,-0.29889999999999983
-4.324999999999999,-2.775,-5.054632950000001,0.0,0.0,-0.29889999999999983
-3.8749999999999996,-2.775,-5.054632950000001,0.0,0.0,-0.29889999999999983
-3.4249999999999994,-2.775,-5.054632950000001,0.0,0.0,-0.29889999999999983
-2.9749999999999996,-2.775,-5.054632950000001,0.0,0.0,-0.29889999999999983
-2.5249999999999995,-2.775,-5.054632950000001,0.0,0.0,-0.29889999999999983
-2.0749999999999993,-2.775,-5.054632950000001,0.0,0.0,-0.29889999999999983
-1.6249999999999996,-2.775,-5.054632950000001,0.0,0.0,-0.29889999999999983
-1.1749999999999994,-2.775,-5.054632950000001,0.0,0.0,-0.29889999999999983
-0.7249999999999996,-2.775,-5.054632950000001,0.0,0.0,-0.29889999999999983
-0.27499999999999947,-2.775,-5.054632950000001,0.0,0.0,-0.29889999999999983
-4.7749999999999995,-2.3249999999999997,-5.054632950000001,0.0,0.0,-0.29889999999999983
-4.324999999999999,-2.3249999999999997,-5.054632950000001,0.0,0.0,-0.29889999999999983
-3.8749999999999996,-2.3249999999999997,-5.054632950000001,0.0,0.0,-0.29889999999999983
-3.4249999999999994,-2.3249999999999997,-5.054632950000001,0.0,0.0,-0.29889999999999983
-2.9749999999999996,-2.3249999999999997,-5.054632950000001,0.0,0.0,-0.29889999999999983
-2.5249999999999995,-2.3249999999999997,-5.054632950000001,0.0,0.0,-0.29889999999999983
-2.0749999999999993,-2.3249999999999997,-5.054632950000001,0.0,0.0,-0.29889999999999983
-1.6249999999999996,-2.3249999999999997,-5.054632950000001,0.0,0.0,-0.29889999999999983
-1.1749999999999994,-2.3249999999999997,-5.054632950000001,0.0,0.0,-0.29889999999999983
-0.7249999999999996,-2.3249999999999997,-5.054632950000001,0.0,0.0,-0.29889999999999983
-0.27499999999999947,-2.3249999999999997,-5.054632950000001,0.0,0.0,-0.29889999999999983
-4.7749999999999995,-1.875,-5.054632950000001,0.0,0.0,-0.29889999999999983
-4.324999999999999,-1.875,-5.054632950000001,0.0,0.0,-0.29889999999999983
-3.8749999999999996,-1.875,-5.054632950000001,0.0,0.0,-0.29889999999999983
-3.4249999999999994,-1.875,-5.054632950000001,0.0,0.0,-0.29889999999999983
-2.9749999999999996,-1.875,-5.054632950000001,0.0,0.0,-0.29889999999999983
-2.5249999999999995,-1.875,-5.054632950000001,0.0,0.0,-0.29889999999999983
-2.0749999999999993,-1.875,-5.054632950000001,0.0,0.0,-0.29889999999999983
-1.6249999999999996,-1.875,-5.054632950000001,0.0,0.0,-0.29889999999999983
-1.1749999999999994,-1.875,-5.054632950000001,0.0,0.0,-0.29889999999999983
-0.7249999999999996,-1.875,-5.054632950000001,0.0,0.0,-0.29889999999999983
-0.27499999999999947,-1.875,-5.054632950000001,0.0,0.0,-0.29889999999999983
-4.7749999999999995,-1.4249999999999998,-5.054632950000001,0.0,0.0,-0.29889999999999983
-4.324999999999999,-1.4249999999999998,-5.054632950000001,0.0,0.0,-0.29889999999999983
-3.8749999999999996,-1.4249999999999998,-5.054632950000001,0.0,0.0,-0.29889999999999983
-3.4249999999999994,-1.4249999999999998,-5.054632950000001,0.0,0.0,-0.29889999999999983
-2.9749999999999996,-1.4249999999999998,-5.054632950000001,0.0,0.0,-0.29889999999999983
-2.5249999999999995,-1.4249999999999998,-5.054632950000001,0.0,0.0,-0.29889999999999983
-2.0749999999999993,-1.4249999999999998,-5.054632950000001,0.0,0.0,-0.29889999999999983
-1.6249999999999996,-1.4249999999999998,-5.054632950000001,0.0,0.0,-0.29889999999999983
-1.1749999999999994,-1.4249999999999998,-5.054632950000001,0.0,0.0,-0.29889999999999983
-0.7249999999999996,-1.4249999999999998,-5.054632950000001,0.0,0.0,-0.29889999999999983
-0.27499999999999947,-1.4249999999999998,-5.054632950000001,0.0,0.0,-0.29889999999999983
-4.7749999999999995,-0.9749999999999999,-5.054632950000001,0.0,0.0,-0.29889999999999983
-4.324999999999999,-0.9749999999999999,-5.054632950000001,0.0,0.0,-0.29889999999999983
-3.8749999999999996,-0.9749999999999999,-5.054632950000001,0.0,0.0,-0.29889999999999983
-3.4249999999999994,-0.9749999999999999,-5.054632950000001,0.0,0.0,-0.29889999999999983
-2.9749999999999996,-0.9749999999999999,-5.054632950000001,0.0,0.0,-0.29889999999999983
-2.5249999999999995,-0.9749999999999999,-5.054632950000001,0.0,0.0,-0.29889999999999983
-2.0749999999999993,-0.9749999999999999,-5.054632950000001,0.0,0.0,-0.29889999999999983
-1.6249999999999996,-0.9749999999999999,-5.054632950000001,0.0,0.0,-0.29889999999999983
-1.1749999999999994,-0.9749999999999999,-5.054632950000001,0.0,0.0,-0.29889999999999983
-0.7249999999999996,-0.9749999999999999,-5.054632950000001,0.0,0.0,-0.29889999999999983
-0.27499999999999947,-0.9749999999999999,-5.054632950000001,0.0,0.0,-0.29889999999999983
-4.7749999999999995,-0.5249999999999999,-5.054632950000001,0.0,0.0,-0.29889999999999983
-4.324999999999999,-0.5249999999999999,-5.054632950000001,0.0,0.0,-0.29889999999999983
-3.8749999999999996,-0.5249999999999999,-5.054632950000001,0.0,0.0,-0.29889999999999983
-3.4249999999999994,-0.5249999999999999,-5.054632950000001,0.0,0.0,-0.29889999999999983
-2.9749999999999996,-0.5249999999999999,-5.054632950000001,0.0,0.0,-0.29889999999999983
-2.5249999999999995,-0.5249999999999999,-5.054632950000001,0.0,0.0,-0.29889999999999983
-2.0749999999999993,-0.5249999999999999,-5.054632950000001,0.0,0.0,-0.29889999999999983
-1.6249999999999996,-0.5249999999999999,-5.054632950000001,0.0,0.0,-0.29889999999999983
-1.1749999999999994,-0.5249999999999999,-5.054632950000001,0.0,0.0,-0.29889999999999983
-0.7249999999999996,-0.5249999999999999,-5.054632950000001,0.0,0.0,-0.29889999999999983
-0.27499999999999947,-0.5249999999999999,-5.054632950000001,0.0,0.0,-0.29889999999999983
-4.7749999999999995,-0.07499999999999973,-5.054632950000001,0.0,0.0,-0.29889999999999983
-4.324999999999999,-0.07499999999999973,-5.054632950000001,0.0,0.0,-0.29889999999999983
-3.8749999999999996,-0.07499999999999973,-5.054632950000001,0.0,0.0,-0.29889999999999983
-3.4249999999999994,-0.07499999999999973,-5.054632950000001,0.0,0.0,-0.29889999999999983
-2.9749999999999996,-0.07499999999999973,-5.054632950000001,0.0,0.0,-0.29889999999999983
-2.5249999999999995,-0.07499999999999973,-5.054632950000001,0.0,0.0,-0.29889999999999983
-2.0749999999999993,-0.07499999999999973,-5.054632950000001,0.0,0.0,-0.29889999999999983
-1.6249999999999996,-0.07499999999999973,-5.054632950000001,0.0,0.0,-0.29889999999999983
-1.1749999999999994,-0.07499999999999973,-5.054632950000001,0.0,0.0,-0.29889999999999983
-0.7249999999999996,-0.07499999999999973,-5.054632950000001,0.0,0.0,-0.29889999999999983
-0.27499999999999947,-0.07499999999999973,-5.054632950000001,0.0,0.0,-0.29889999999999983
-4.7749999999999995,0.375,-5.054632950000001,0.0,0.0,-0.29889999999999983
-4.324999999999999,0.375,-5.054632950000001,0.0,0.0,-0.29889999999999983
-3.8749999999999996,0.375,-5.054632950000001,0.0,0.0,-0.29889999999999983
-3.4249999999999994,0.375,-5.054632950000001,0.0,0.0,-0.29889999999999983
-2.9749999999999996,0.375,-5.054632950000001,0.0,0.0,-0.29889999999999983
-2.5249999999999995,0.375,-5.054632950000001,0.0,0.0,-0.29889999999999983
-2.0749999999999993,0.375,-5.054632950000001,0.0,0.0,-0.29889999999999983
-1.6249999999999996,0.375,-5.054632950000001,0.0,0.0,-0.29889999999999983
-1.1749999999999994,0.375,-5.054632950000001,0.0,0.0,-0.29889999999999983
-0.7249999999999996,0.375,-5.054632950000001,0.0,0.0,-0.29889999999999983
-0.27499999999999947,0.375,-5.054632950000001,0.0,0.0,-0.29889999999999983
-4.7749999999999995,0.8250000000000002,-5.054632950000001,0.0,0.0,-0.29889999999999983
-4.324999999999999,0.8250000000000002,-5.054632950000001,0.0,0.0,-0.29889999999999983
-3.8749999999999996,0.8250000000000002,-5.054632950000001,0.0,0.0,-0.29889999999999983
-3.4249999999999994,0.8250000000000002,-5.054632950000001,0.0,0.0,-0.29889999999999983
-2.9749999999999996,0.8250000000000002,-5.054632950000001,0.0,0.0,-0.29889999999999983
-2.5249999999999995,0.8250000000000002,-5.054632950000001,0.0,0.0,-0.29889999999999983
-2.0749999999999993,0.8250000000000002,-5.054632950000001,0.0,0.0,-0.29889999999999983
-1.6249999999999996,0.8250000000000002,-5.054632950000001,0.0,0.0,-0.29889999999999983
-1.1749999999999994,0.8250000000000002,-5.054632950000001,0.0,0.0,-0.29889999999999983
-0.7249999999999996,0.8250000000000002,-5.054632950000001,0.0,0.0,-0.29889999999999983
-0.27499999999999947,0.8250000000000002,-5.054632950000001,0.0,0.0,-0.29889999999999983
-4.7749999999999995,1.275,-5.054632950000001,0.0,0.0,-0.29889999999999983
-4.324999999999999,1.275,-5.054632950000001,0.0,0.0,-0.29889999999999983
-3.8749999999999996,1.275,-5.054632950000001,0.0,0.0,-0.29889999999999983
-3.4249999999999994,1.275,-5.054632950000001,0.0,0.0,-0.29889999999999983
-2.9749999999999996,1.275,-5.054632950000001,0.0,0.0,-0.29889999999999983
-2.5249999999999995,1.275,-5.054632950000001,0.0,0.0,-0.29889999999999983
-2.0749999999999993,1.275,-5.054632950000001,0.0,0.0,-0.29889999999999983
-1.6249999999999996,1.275,-5.054632950000001,0.0,0.0,-0.29889999999999983
-1.1749999999999994,1.275,-5.054632950000001,0.0,0.0,-0.29889999999999983
-0.7249999999999996,1.275,-5.054632950000001,0.0,0.0,-0.29889999999999983
-0.27499999999999947,1.275,-5.054632950000001,0.0,0.0,-0.29889999999999983
-4.7749999999999995,1.725,-5.054632950000001,0.0,0.0,-0.29889999999999983
-4.324999999999999,1.725,-5.054632950000001,0.0,0.0,-0.29889999999999983
-3.8749999999999996,1.725,-5.054632950000001,0.0,0.0,-0.29889999999999983
-3.4249999999999994,1.725,-5.054632950000001,0.0,0.0,-0.29889999999999983
-2.9749999999999996,1.725,-5.054632950000001,0.0,0.0,-0.29889999999999983
-2.5249999999999995,1.725,-5.054632950000001,0.0,0.0,-0.29889999999999983
-2.0749999999999993,1.725,-5.054632950000001,0.0,0.0,-0.29889999999999983
-1.6249999999999996,1.725,-5.054632950000001,0.0,0.0,-0.29889999999999983
-1.1749999999999994,1.725,-5.054632950000001,0.0,0.0,-0.29889999999999983
-0.7249999999999996,1.725,-5.054632950000001,0.0,0.0,-0.29889999999999983
-0.27499999999999947,1.725,-5.054632950000001,0.0,0.0,-0.29889999999999983
-4.7749999999999995,2.1750000000000003,-5.054632950000001,0.0,0.0,-0.29889999999999983
-4.324999999999999,2.1750000000000003,-5.054632950000001,0.0,0.0,-0.29889999999999983
-3.8749999999999996,2.1750000000000003,-5.054632950000001,0.0,0.0,-0.29889999999999983
-3.4249999999999994,2.1750000000000003,-5.054632950000001,0.0,0.0,-0.29889999999999983
-2.9749999999999996,2.1750000000000003,-5.054632950000001,0.0,0.0,-0.29889999999999983
-2.5249999999999995,2.1750000000000003,-5.054632950000001,0.0,0.0,-0.29889999999999983
-2.0749999999999993,2.1750000000000003,-5.054632950000001,0.0,0.0,-0.29889999999999983
-1.6249999999999996,2.1750000000000003,-5.054632950000001,0.0,0.0,-0.29889999999999983
-1.1749999999999994,2.1750000000000003,-5.054632950000001,0.0,0.0,-0.29889999999999983
-0.7249999999999996,2.1750000000000003,-5.054632950000001,0.0,0.0,-0.29889999999999983
-0.27499999999999947,2.1750000000000003,-5.054632950000001,0.0,0.0,-0.29889999999999983
-4.7749999999999995,2.6250000000000004,-5.054632950000001,0.0,0.0,-0.29889999999999983
-4.324999999999999,2.6250000000000004,-5.054632950000001,0.0,0.0,-0.29889999999999983
-3.8749999999999996,2.6250000000000004,-5.054632950000001,0.0,0.0,-0.29889999999999983
-3.4249999999999994,2.6250000000000004,-5.054632950000001,0.0,0.0,-0.29889999999999983
-2.9749999999999996,2.6250000000000004,-5.054632950000001,0.0,0.0,-0.29889999999999983
-2.5249999999999995,2.6250000000000004,-5.054632950000001,0.0,0.0,-0.29889999999999983
-2.0749999999999993,2.6250000000000004,-5.054632950000001,0.0,0.0,-0.29889999999999983
-1.6249999999999996,2.6250000000000004,-5.054632950000001,0.0,0.0,-0.29889999999999983
-1.1749999999999994,2.6250000000000004,-5.054632950000001,0.0,0.0,-0.29889999999999983
-0.7249999999999996,2.6250000000000004,-5.054632950000001,0.0,0.0,-0.29889999999999983
-0.27499999999999947,2.6250000000000004,-5.054632950000001,0.0,0.0,-0.29889999999999983
-4.725,-2.725,-4.504632950000001,0.0,0.0,-0.29889999999999983
-4.2749999999999995,-2.725,-4.504632950000001,0.0,0.0,-0.29889999999999983
-3.8249999999999997,-2.725,-4.504632950000001,0.0,0.0,-0.29889999999999983
-3.3749999999999996,-2.725,-4.504632950000001,0.0,0.0,-0.29889999999999983
-2.925,-2.725,-4.504632950000001,0.0,0.0,-0.29889999999999983
-2.4749999999999996,-2.725,-4.504632950000001,0.0,0.0,-0.29889999999999983
-2.0249999999999995,-2.725,-4.504632950000001,0.0,0.0,-0.29889999999999983
-1.5749999999999995,-2.725,-4.504632950000001,0.0,0.0,-0.29889999999999983
-1.1249999999999993,-2.725,-4.504632950000001,0.0,0.0,-0.29889999999999983
-0.6749999999999996,-2.725,-4.504632950000001,0.0,0.0,-0.29889999999999983
-0.22499999999999948,-2.725,-4.504632950000001,0.0,0.0,-0.29889999999999983
-4.725,-2.275,-4.504632950000001,0.0,0.0,-0.29889999999999983
-4.2749999999999995,-2.275,-4.504632950000001,0.0,0.0,-0.29889999999999983
-3.8249999999999997,-2.275,-4.504632950000001,0.0,0.0,-0.29889999999999983
-3.3749999999999996,-2.275,-4.504632950000001,0.0,0.0,-0.29889999999999983
-2.925,-2.275,-4.504632950000001,0.0,0.0,-0.29889999999999983
-2.4749999999999996,-2.275,-4.504632950000001,0.0,0.0,-0.29889999999999983
-2.0249999999999995,-2.275,-4.504632950000001,0.0,0.0,-0.29889999999999983
-1.5749999999999995,-2.275,-4.504632950000001,0.0,0.0,-0.29889999999999983
-1.1249999999999993,-2.275,-4.504632950000001,0.0,0.0,-0.29889999999999983
-0.6749999999999996,-2.275,-4.504632950000001,0.0,0.0,-0.29889999999999983
-0.22499999999999948,-2.275,-4.504632950000001,0.0,0.0,-0.29889999999999983
-4.725,-1.825,-4.504632950000001,0.0,0.0,-0.29889999999999983
-4.2749999999999995,-1.825,-4.504632950000001,0.0,0.0,-0.29889999999999983
-3.8249999999999997,-1.825,-4.504632950000001,0.0,0.0,-0.29889999999999983
-3.3749999999999996,-1.825,-4.504632950000001,0.0,0.0,-0.29889999999999983
-2.925,-1.825,-4.504632950000001,0.0,0.0,-0.29889999999999983
-2.4749999999999996,-1.825,-4.504632950000001,0.0,0.0,-0.29889999999999983
-2.0249999999999995,-1.825,-4.504632950000001,0.0,0.0,-0.29889999999999983
-1.5749999999999995,-1.825,-4.504632950000001,0.0,0.0,-0.29889999999999983
-1.1249999999999993,-1.825,-4.504632950000001,0.0,0.0,-0.29889999999999983
-0.6749999999999996,-1.825,-4.504632950000001,0.0,0.0,-0.29889999999999983
-0.22499999999999948,-1.825,-4.504632950000001,0.0,0.0,-0.29889999999999983
-4.725,-1.3749999999999998,-4.504632950000001,0.0,0.0,-0.29889999999999983
-4.2749999999999995,-1.3749999999999998,-4.504632950000001,0.0,0.0,-0.29889999999999983
-3.8249999999999997,-1.3749999999999998,-4.504632950000001,0.0,0.0,-0.29889999999999983
-3.3749999999999996,-1.3749999999999998,-4.504632950000001,0.0,0.0,-0.29889999999999983
-2.925,-1.3749999999999998,-4.504632950000001,0.0,0.0,-0.29889999999999983
-2.4749999999999996,-1.3749999999999998,-4.504632950000001,0.0,0.0,-0.29889999999999983
-2.0249999999999995,-1.3749999999999998,-4.504632950000001,0.0,0.0,-0.29889999999999983
-1.5749999999999995,-1.3749999999999998,-4.504632950000001,0.0,0.0,-0.29889999999999983
-1.1249999999999993,-1.3749999999999998,-4.504632950000001,0.0,0.0,-0.29889999999999983
-0.6749999999999996,-1.3749999999999998,-4.504632950000001,0.0,0.0,-0.29889999999999983
-0.22499999999999948,-1.3749999999999998,-4.504632950000001,0.0,0.0,-0.29889999999999983
-4.725,-0.9249999999999998,-4.504632950000001,0.0,0.0,-0.29889999999999983
-4.2749999999999995,-0.9249999999999998,-4.504632950000001,0.0,0.0,-0.29889999999999983
-3.8249999999999997,-0.9249999999999998,-4.504632950000001,0.0,0.0,-0.29889999999999983
-3.3749999999999996,-0.9249999999999998,-4.504632950000001,0.0,0.0,-0.29889999999999983
-2.925,-0.9249999999999998,-4.504632950000001,0.0,0.0,-0.29889999999999983
-2.4749999999999996,-0.9249999999999998,-4.504632950000001,0.0,0.0,-0.29889999999999983
-2.0249999999999995,-0.9249999999999998,-4.504632950000001,0.0,0.0,-0.29889999999999983
-1.5749999999999995,-0.9249999999999998,-4.504632950000001,0.0,0.0,-0.29889999999999983
-1.1249999999999993,-0.9249999999999998,-4.504632950000001,0.0,0.0,-0.29889999999999983
-0.6749999999999996,-0.9249999999999998,-4.504632950000001,0.0,0.0,-0.29889999999999983
-0.22499999999999948,-0.9249999999999998,-4.504632950000001,0.0,0.0,-0.29889999999999983
-4.725,-0.4749999999999999,-4.504632950000001,0.0,0.0,-0.29889999999999983
-4.2749999999999995,-0.4749999999999999,-4.504632950000001,0.0,0.0,-0.29889999999999983
-3.8249999999999997,-0.4749999999999999,-4.504632950000001,0.0,0.0,-0.29889999999999983
-3.3749999999999996,-0.4749999999999999,-4.504632950000001,0.0,0.0,-0.29889999999999983
-2.925,-0.4749999999999999,-4.504632950000001,0.0,0.0,-0.29889999999999983
-2.4749999999999996,-0.4749999999999999,-4.504632950000001,0.0,0.0,-0.29889999999999983
-2.0249999999999995,-0.4749999999999999,-4.504632950000001,0.0,0.0,-0.29889999999999983
-1.5749999999999995,-0.4749999999999999,-4.504632950000001,0.0,0.0,-0.29889999999999983
-1.1249999999999993,-0.4749999999999999,-4.504632950000001,0.0,0.0,-0.29889999999999983
-0.6749999999999996,-0.4749999999999999,-4.504632950000001,0.0,0.0,-0.29889999999999983
-0.22499999999999948,-0.4749999999999999,-4.504632950000001,0.0,0.0,-0.29889999999999983
-4.725,-0.02499999999999973,-4.504632950000001,0.0,0.0,-0.29889999999999983
-4.2749999999999995,-0.02499999999999973,-4.504632950000001,0.0,0.0,-0.29889999999999983
-3.8249999999999997,-0.02499999999999973,-4.504632950000001,0.0,0.0,-0.29889999999999983
-3.3749999999999996,-0.02499999999999973,-4.504632950000001,0.0,0.0,-0.29889999999999983
-2.925,-0.02499999999999973,-4.504632950000001,0.0,0.0,-0.29889999999999983
-2.4749999999999996,-0.02499999999999973,-4.504632950000001,0.0,0.0,-0.29889999999999983
-2.0249999999999995,-0.02499999999999973,-4.504632950000001,0.0,0.0,-0.29889999999999983
-1.5749999999999995,-0.02499999999999973,-4.504632950000001,0.0,0.0,-0.29889999999999983
-1.1249999999999993,-0.02499999999999973,-4.504632950000001,0.0,0.0,-0.29889999999999983
-0.6749999999999996,-0.02499999999999973,-4.504632950000001,0.0,0.0,-0.29889999999999983
-0.22499999999999948,-0.02499999999999973,-4.504632950000001,0.0,0.0,-0.29889999999999983
-4.725,0.425,-4.504632950000001,0.0,0.0,-0.29889999999999983
-4.2749999999999995,0.425,-4.504632950000001,0.0,0.0,-0.29889999999999983
-3.8249999999999997,0.425,-4.504632950000001,0.0,0.0,-0.29889999999999983
-3.3749999999999996,0.425,-4.504632950000001,0.0,0.0,-0.29889999999999983
-2.925,0.425,-4.504632950000001,0.0,0.0,-0.29889999999999983
-2.4749999999999996,0.425,-4.504632950000001,0.0,0.0,-0.29889999999999983
-2.0249999999999995,0.425,-4.504632950000001,0.0,0.0,-0.29889999999999983
-1.5749999999999995,0.425,-4.504632950000001,0.0,0.0,-0.29889999999999983
-1.1249999999999993,0.425,-4.504632950000001,0.0,0.0,-0.29889999999999983
-0.6749999999999996,0.425,-4.504632950000001,0.0,0.0,-0.29889999999999983
-0.22499999999999948,0.425,-4.504632950000001,0.0,0.0,-0.29889999999999983
-4.725,0.8750000000000002,-4.504632950000001,0.0,0.0,-0.29889999999999983
-4.2749999999999995,0.8750000000000002,-4.504632950000001,0.0,0.0,-0.29889999999999983
-3.8249999999999997,0.8750000000000002,-4.504632950000001,0.0,0.0,-0.29889999999999983
-3.3749999999999996,0.8750000000000002,-4.504632950000001,0.0,0.0,-0.29889999999999983
-2.925,0.8750000000000002,-4.504632950000001,0.0,0.0,-0.29889999999999983
-2.4749999999999996,0.8750000000000002,-4.504632950000001,0.0,0.0,-0.29889999999999983
-2.0249999999999995,0.8750000000000002,-4.504632950000001,0.0,0.0,-0.29889999999999983
-1.5749999999999995,0.8750000000000002,-4.504632950000001,0.0,0.0,-0.29889999999999983
-1.1249999999999993,0.8750000000000002,-4.504632950000001,0.0,0.0,-0.29889999999999983
-0.6749999999999996,0.8750000000000002,-4.504632950000001,0.0,0.0,-0.29889999999999983
-0.22499999999999948,0.8750000000000002,-4.504632950000001,0.0,0.0,-0.29889999999999983
-4.725,1.325,-4.504632950000001,0.0,0.0,-0.29889999999999983
-4.2749999999999995,1.325,-4.504632950000001,0.0,0.0,-0.29889999999999983
-3.8249999999999997,1.325,-4.504632950000001,0.0,0.0,-0.29889999999999983
-3.3749999999999996,1.325,-4.504632950000001,0.0,0.0,-0.29889999999999983
-2.925,1.325,-4.504632950000001,0.0,0.0,-0.29889999999999983
-2.4749999999999996,1.325,-4.504632950000001,0.0,0.0,-0.29889999999999983
-2.0249999999999995,1.325,-4.504632950000001,0.0,0.0,-0.29889999999999983
-1.5749999999999995,1.325,-4.504632950000001,0.0,0.0,-0.29889999999999983
-1.1249999999999993,1.325,-4.504632950000001,0.0,0.0,-0.29889999999999983
-0.6749999999999996,1.325,-4.504632950000001,0.0,0.0,-0.29889999999999983
-0.22499999999999948,1.325,-4.504632950000001,0.0,0.0,-0.29889999999999983
-4.725,1.7750000000000001,-4.504632950000001,0.0,0.0,-0.29889999999999983
-4.2749999999999995,1.7750000000000001,-4.504632950000001,0.0,0.0,-0.29889999999999983
-3.8249999999999997,1.7750000000000001,-4.504632950000001,0.0,0.0,-0.29889999999999983
-3.3749999999999996,1.7750000000000001,-4.504632950000001,0.0,0.0,-0.29889999999999983
-2.925,1.7750000000000001,-4.504632950000001,0.0,0.0,-0.29889999999999983
-2.4749999999999996,1.7750000000000001,-4.504632950000001,0.0,0.0,-0.29889999999999983
-2.0249999999999995,1.7750000000000001,-4.504632950000001,0.0,0.0,-0.29889999999999983
-1.5749999999999995,1.7750000000000001,-4.504632950000001,0.0,0.0,-0.29889999999999983
-1.1249999999999993,1.7750000000000001,-4.504632950000001,0.0,0.0,-0.29889999999999983
-0.6749999999999996,1.7750000000000001,-4.504632950000001,0.0,0.0,-0.29889999999999983
-0.22499999999999948,1.7750000000000001,-4.504632950000001,0.0,0.0,-0.29889999999999983
-4.725,2.225,-4.504632950000001,0.0,0.0,-0.29889999999999983
-4.2749999999999995,2.225,-4.504632950000001,0.0,0.0,-0.29889999999999983
-3.8249999999999997,2.225,-4.504632950000001,0.0,0.0,-0.29889999999999983
-3.3749999999999996,2.225,-4.504632950000001,0.0,0.0,-0.29889999999999983
-2.925,2.225,-4.504632950000001,0.0,0.0,-0.29889999999999983
-2.4749999999999996,2.225,-4.504632950000001,0.0,0.0,-0.29889999999999983
-2.0249999999999995,2.225,-4.504632950000001,0.0,0.0,-0.29889999999999983
-1.5749999999999995,2.225,-4.504632950000001,0.0,0.0,-0.29889999999999983
-1.1249999999999993,2.225,-4.504632950000001,0.0,0.0,-0.29889999999999983
-0.6749999999999996,2.225,-4.504632950000001,0.0,0.0,-0.29889999999999983
-0.22499999999999948,2.225,-4.504632950000001,0.0,0.0,-0.29889999999999983
-4.725,2.6750000000000003,-4.504632950000001,0.0,0.0,-0.29889999999999983
-4.2749999999999995,2.6750000000000003,-4.504632950000001,0.0,0.0,-0.29889999999999983
-3.8249999999999997,2.6750000000000003,-4.504632950000001,0.0,0.0,-0.29889999999999983
-3.3749999999999996,2.6750000000000003,-4.504632950000001,0.0,0.0,-0.29889999999999983
-2.925,2.6750000000000003,-4.504632950000001,0.0,0.0,-0.29889999999999983
-2.4749999999999996,2.6750000000000003,-4.504632950000001,0.0,0.0,-0.29889999999999983
-2.0249999999999995,2.6750000000000003,-4.504632950000001,0.0,0.0,-0.29889999999999983
-1.5749999999999995,2.6750000000000003,-4.504632950000001,0.0,0.0,-0.29889999999999983
-1.1249999999999993,2.6750000000000003,-4.504632950000001,0.0,0.0,-0.29889999999999983
-0.6749999999999996,2.6750000000000003,-4.504632950000001,0.0,0.0,-0.29889999999999983
-0.22499999999999948,2.6750000000000003,-4.504632950000001,0.0,0.0,-0.29889999999999983
-4.7749999999999995,-2.775,-3.95463295,0.0,0.0,-0.29889999999999983
-4.324999999999999,-2.775,-3.95463295,0.0,0.0,-0.29889999999999983
-3.8749999999999996,-2.775,-3.95463295,0.0,0.0,-0.29889999999999983
-3.4249999999999994,-2.775,-3.95463295,0.0,0.0,-0.29889999999999983
-2.9749999999999996,-2.775,-3.95463295,0.0,0.0,-0.29889999999999983
-2.5249999999999995,-2.775,-3.95463295,0.0,0.0,-0.29889999999999983
-2.0749999999999993,-2.775,-3.95463295,0.0,0.0,-0.29889999999999983
-1.6249999999999996,-2.775,-3.95463295,0.0,0.0,-0.29889999999999983
-1.1749999999999994,-2.775,-3.95463295,0.0,0.0,-0.29889999999999983
-0.7249999999999996,-2.775,-3.95463295,0.0,0.0,-0.29889999999999983
-0.27499999999999947,-2.775,-3.95463295,0.0,0.0,-0.29889999999999983
-4.7749999999999995,-2.3249999999999997,-3.95463295,0.0,0.0,-0.29889999999999983
-4.324999999999999,-2.3249999999999997,-3.95463295,0.0,0.0,-0.29889999999999983
-3.8749999999999996,-2.3249999999999997,-3.95463295,0.0,0.0,-0.29889999999999983
-3.4249999999999994,-2.3249999999999997,-3.95463295,0.0,0.0,-0.29889999999999983
-2.9749999999999996,-2.3249999999999997,-3.95463295,0.0,0.0,-0.29889999999999983
-2.5249999999999995,-2.3249999999999997,-3.95463295,0.0,0.0,-0.29889999999999983
-2.0749999999999993,-2.3249999999999997,-3.95463295,0.0,0.0,-0.29889999999999983
-1.6249999999999996,-2.3249999999999997,-3.95463295,0.0,0.0,-0.29889999999999983
-1.1749999999999994,-2.3249999999999997,-3.95463295,0.0,0.0,-0.29889999999999983
-0.7249999999999996,-2.3249999999999997,-3.95463295,0.0,0.0,-0.29889999999999983
-0.27499999999999947,-2.3249999999999997,-3.95463295,0.0,0.0,-0.29889999999999983
-4.7749999999999995,-1.875,-3.95463295,0.0,0.0,-0.29889999999999983
-4.324999999999999,-1.875,-3.95463295,0.0,0.0,-0.29889999999999983
-3.8749999999999996,-1.875,-3.95463295,0.0,0.0,-0.29889999999999983
-3.4249999999999994,-1.875,-3.95463295,0.0,0.0,-0.29889999999999983
-2.9749999999999996,-1.875,-3.95463295,0.0,0.0,-0.29889999999999983
-2.5249999999999995,-1.875,-3.95463295,0.0,0.0,-0.29889999999999983
-2.0749999999999993,-1.875,-3.95463295,0.0,0.0,-0.29889999999999983
-1.6249999999999996,-1.875,-3.95463295,0.0,0.0,-0.29889999999999983
-1.1749999999999994,-1.875,-3.95463295,0.0,0.0,-0.29889999999999983
-0.7249999999999996,-1.875,-3.95463295,0.0,0.0,-0.29889999999999983
-0.27499999999999947,-1.875,-3.95463295,0.0,0.0,-0.29889999999999983
-4.7749999999999995,-1.4249999999999998,-3.95463295,0.0,0.0,-0.29889999999999983
-4.324999999999999,-1.4249999999999998,-3.95463295,0.0,0.0,-0.29889999999999983
-3.8749999999999996,-1.4249999999999998,-3.95463295,0.0,0.0,-0.29889999999999983
-3.4249999999999994,-1.4249999999999998,-3.95463295,0.0,0.0,-0.29889999999999983
-2.9749999999999996,-1.4249999999999998,-3.95463295,0.0,0.0,-0.29889999999999983
-2.5249999999999995,-1.4249999999999998,-3.95463295,0.0,0.0,-0.29889999999999983
-2.0749999999999993,-1.4249999999999998,-3.95463295,0.0,0.0,-0.29889999999999983
-1.6249999999999996,-1.4249999999999998,-3.95463295,0.0,0.0,-0.29889999999999983
-1.1749999999999994,-1.4249999999999998,-3.95463295,0.0,0.0,-0.29889999999999983
-0.7249999999999996,-1.4249999999999998,-3.95463295,0.0,0.0,-0.29889999999999983
-0.27499999999999947,-1.4249999999999998,-3.95463295,0.0,0.0,-0.29889999999999983
-4.7749999999999995,-0.9749999999999999,-3.95463295,0.0,0.0,-0.29889999999999983
-4.324999999999999,-0.9749999999999999,-3.95463295,0.0,0.0,-0.29889999999999983
-3.8749999999999996,-0.9749999999999999,-3.95463295,0.0,0.0,-0.29889999999999983
-3.4249999999999994,-0.9749999999999999,-3.95463295,0.0,0.0,-0.29889999999999983
-2.9749999999999996,-0.9749999999999999,-3.95463295,0.0,0.0,-0.29889999999999983
-2.5249999999999995,-0.9749999999999999,-3.95463295,0.0,0.0,-0.29889999999999983
-2.0749999999999993,-0.9749999999999999,-3.95463295,0.0,0.0,-0.29889999999999983
-1.6249999999999996,-0.9749999999999999,-3.95463295,0.0,0.0,-0.29889999999999983
-1.1749999999999994,-0.9749999999999999,-3.95463295,0.0,0.0,-0.29889999999999983
-0.7249999999999996,-0.9749999999999999,-3.95463295,0.0,0.0,-0.29889999999999983
-0.27499999999999947,-0.9749999999999999,-3.95463295,0.0,0.0,-0.29889999999999983
-4.7749999999999995,-0.5249999999999999,-3.95463295,0.0,0.0,-0.29889999999999983
-4.324999999999999,-0.5249999999999999,-3.95463295,0.0,0.0,-0.29889999999999983
-3.8749999999999996,-0.5249999999999999,-3.95463295,0.0,0.0,-0.29889999999999983
-3.4249999999999994,-0.5249999999999999,-3.95463295,0.0,0.0,-0.29889999999999983
-2.9749999999999996,-0.5249999999999999,-3.95463295,0.0,0.0,-0.29889999999999983
-2.5249999999999995,-0.5249999999999999,-3.95463295,0.0,0.0,-0.29889999999999983
-2.0749999999999993,-0.5249999999999999,-3.95463295,0.0,0.0,-0.29889999999999983
-1.6249999999999996,-0.5249999999999999,-3.95463295,0.0,0.0,-0.29889999999999983
-1.1749999999999994,-0.5249999999999999,-3.95463295,0.0,0.0,-0.29889999999999983
-0.7249999999999996,-0.5249999999999999,-3.95463295,0.0,0.0,-0.29889999999999983
-0.27499999999999947,-0.5249999999999999,-3.95463295,0.0,0.0,-0.29889999999999983
-4.7749999999999995,-0.07499999999999973,-3.95463295,0.0,0.0,-0.29889999999999983
-4.324999999999999,-0.07499999999999973,-3.95463295,0.0,0.0,-0.29889999999999983
-3.8749999999999996,-0.07499999999999973,-3.95463295,0.0,0.0,-0.29889999999999983
-3.4249999999999994,-0.07499999999999973,-3.95463295,0.0,0.0,-0.29889999999999983
-2.9749999999999996,-0.07499999999999973,-3.95463295,0.0,0.0,-0.29889999999999983
-2.5249999999999995,-0.07499999999999973,-3.95463295,0.0,0.0,-0.29889999999999983
-2.0749999999999993,-0.07499999999999973,-3.95463295,0.0,0.0,-0.29889999999999983
-1.6249999999999996,-0.07499999999999973,-3.95463295,0.0,0.0,-0.29889999999999983
-1.1749999999999994,-0.07499999999999973,-3.95463295,0.0,0.0,-0.29889999999999983
-0.7249999999999996,-0.07499999999999973,-3.95463295,0.0,0.0,-0.29889999999999983
-0.27499999999999947,-0.07499999999999973,-3.95463295,0.0,0.0,-0.29889999999999983
-4.7749999999999995,0.375,-3.95463295,0.0,0.0,-0.29889999999999983
-4.324999999999999,0.375,-3.95463295,0.0,0.0,-0.29889999999999983
-3.8749999999999996,0.375,-3.95463295,0.0,0.0,-0.29889999999999983
-3.4249999999999994,0.375,-3.95463295,0.0,0.0,-0.29889999999999983
-2.9749999999999996,0.375,-3.95463295,0.0,0.0,-0.29889999999999983
-2.5249999999999995,0.375,-3.95463295,0.0,0.0,-0.29889999999999983
-2.0749999999999993,0.375,-3.95463295,0.0,0.0,-0.29889999999999983
-1.6249999999999996,0.375,-3.95463295,0.0,0.0,-0.29889999999999983
-1.1749999999999994,0.375,-3.95463295,0.0,0.0,-0.29889999999999983
-0.7249999999999996,0.375,-3.95463295,0.0,0.0,-0.29889999999999983
-0.27499999999999947,0.375,-3.95463295,0.0,0.0,-0.29889999999999983
-4.7749999999999995,0.8250000000000002,-3.95463295,0.0,0.0,-0.29889999999999983
-4.324999999999999,0.8250000000000002,-3.95463295,0.0,0.0,-0.29889999999999983
-3.8749999999999996,0.8250000000000002,-3.95463295,0.0,0.0,-0.29889999999999983
-3.4249999999999994,0.8250000000000002,-3.95463295,0.0,0.0,-0.29889999999999983
-2.9749999999999996,0.8250000000000002,-3.95463295,0.0,0.0,-0.29889999999999983
-2.5249999999999995,0.8250000000000002,-3.95463295,0.0,0.0,-0.29889999999999983
-2.0749999999999993,0.8250000000000002,-3.95463295,0.0,0.0,-0.29889999999999983
-1.6249999999999996,0.8250000000000002,-3.95463295,0.0,0.0,-0.29889999999999983
-1.1749999999999994,0.8250000000000002,-3.95463295,0.0,0.0,-0.29889999999999983
-0.7249999999999996,0.8250000000000002,-3.95463295,0.0,0.0,-0.29889999999999983
-0.27499999999999947,0.8250000000000002,-3.95463295,0.0,0.0,-0.29889999999999983
-4.7749999999999995,1.275,-3.95463295,0.0,0.0,-0.29889999999999983
-4.324999999999999,1.275,-3.95463295,0.0,0.0,-0.29889999999999983
-3.8749999999999996,1.275,-3.95463295,0.0,0.0,-0.29889999999999983
-3.4249999999999994,1.275,-3.95463295,0.0,0.0,-0.29889999999999983
-2.9749999999999996,1.275,-3.95463295,0.0,0.0,-0.29889999999999983
-2.5249999999999995,1.275,-3.95463295,0.0,0.0,-0.29889999999999983
-2.0749999999999993,1.275,-3.95463295,0.0,0.0,-0.29889999999999983
-1.6249999999999996,1.275,-3.95463295,0.0,0.0,-0.29889999999999983
-1.1749999999999994,1.275,-3.95463295,0.0,0.0,-0.29889999999999983
-0.7249999999999996,1.275,-3.95463295,0.0,0.0,-0.29889999999999983
-0.27499999999999947,1.275,-3.95463295,0.0,0.0,-0.29889999999999983
-4.7749999999999995,1.725,-3.95463295,0.0,0.0,-0.29889999999999983
-4.324999999999999,1.725,-3.95463295,0.0,0.0,-0.29889999999999983
-3.8749999999999996,1.725,-3.95463295,0.0,0.0,-0.29889999999999983
-3.4249999999999994,1.725,-3.95463295,0.0,0.0,-0.29889999999999983
-2.9749999999999996,1.725,-3.95463295,0.0,0.0,-0.29889999999999983
-2.5249999999999995,1.725,-3.95463295,0.0,0.0,-0.29889999999999983
-2.0749999999999993,1.725,-3.95463295,0.0,0.0,-0.29889999999999983
-1.6249999999999996,1.725,-3.95463295,0.0,0.0,-0.29889999999999983
-1.1749999999999994,1.725,-3.95463295,0.0,0.0,-0.29889999999999983
-0.7249999999999996,1.725,-3.95463295,0.0,0.0,-0.29889999999999983
-0.27499999999999947,1.725,-3.95463295,0.0,0.0,-0.29889999999999983
-4.7749999999999995,2.1750000000000003,-3.95463295,0.0,0.0,-0.29889999999999983
-4.324999999999999,2.1750000000000003,-3.95463295,0.0,0.0,-0.29889999999999983
-3.8749999999999996,2.1750000000000003,-3.95463295,0.0,0.0,-0.29889999999999983
-3.4249999999999994,2.1750000000000003,-3.95463295,0.0,0.0,-0.29889999999999983
-2.9749999999999996,2.1750000000000003,-3.95463295,0.0,0.0,-0.29889999999999983
-2.5249999999999995,2.1750000000000003,-3.95463295,0.0,0.0,-0.29889999999999983
-2.0749999999999993,2.1750000000000003,-3.95463295,0.0,0.0,-0.29889999999999983
-1.6249999999999996,2.1750000000000003,-3.95463295,0.0,0.0,-0.29889999999999983
-1.1749999999999994,2.1750000000000003,-3.95463295,0.0,0.0,-0.29889999999999983
-0.7249999999999996,2.1750000000000003,-3.95463295,0.0,0.0,-0.29889999999999983
-0.27499999999999947,2.1750000000000003,-3.95463295,0.0,0.0,-0.29889999999999983
-4.7749999999999995,2.6250000000000004,-3.95463295,0.0,0.0,-0.29889999999999983
-4.324999999999999,2.6250000000000004,-3.95463295,0.0,0.0,-0.29889999999999983
-3.8749999999999996,2.6250000000000004,-3.95463295,0.0,0.0,-0.29889999999999983
-3.4249999999999994,2.6250000000000004,-3.95463295,0.0,0.0,-0.29889999999999983
-2.9749999999999996,2.6250000000000004,-3.95463295,0.0,0.0,-0.29889999999999983
-2.5249999999999995,2.6250000000000004,-3.95463295,0.0,0.0,-0.29889999999999983
-2.0749999999999993,2.6250000000000004,-3.95463295,0.0,0.0,-0.29889999999999983
-1.6249999999999996,2.6250000000000004,-3.95463295,0.0,0.0,-0.29889999999999983
-1.1749999999999994,2.6250000000000004,-3.95463295,0.0,0.0,-0.29889999999999983
-0.7249999999999996,2.6250000000000004,-3.95463295,0.0,0.0,-0.29889999999999983
-0.27499999999999947,2.6250000000000004,-3.95463295,0.0,0.0,-0.29889999999999983
-4.725,-2.725,-3.4046329500000003,0.0,0.0,-0.29889999999999983
-4.2749999999999995,-2.725,-3.4046329500000003,0.0,0.0,-0.29889999999999983
-3.8249999999999997,-2.725,-3.4046329500000003,0.0,0.0,-0.29889999999999983
-3.3749999999999996,-2.725,-3.4046329500000003,0.0,0.0,-0.29889999999999983
-2.925,-2.725,-3.4046329500000003,0.0,0.0,-0.29889999999999983
-2.4749999999999996,-2.725,-3.4046329500000003,0.0,0.0,-0.29889999999999983
-2.0249999999999995,-2.725,-3.4046329500000003,0.0,0.0,-0.29889999999999983
-1.5749999999999995,-2.725,-3.4046329500000003,0.0,0.0,-0.29889999999999983
-1.1249999999999993,-2.725,-3.4046329500000003,0.0,0.0,-0.29889999999999983
-0.6749999999999996,-2.725,-3.4046329500000003,0.0,0.0,-0.29889999999999983
-0.22499999999999948,-2.725,-3.4046329500000003,0.0,0.0,-0.29889999999999983
-4.725,-2.275,-3.4046329500000003,0.0,0.0,-0.29889999999999983
-4.2749999999999995,-2.275,-3.4046329500000003,0.0,0.0,-0.29889999999999983
-3.8249999999999997,-2.275,-3.4046329500000003,0.0,0.0,-0.29889999999999983
-3.3749999999999996,-2.275,-3.4046329500000003,0.0,0.0,-0.29889999999999983
-2.925,-2.275,-3.4046329500000003,0.0,0.0,-0.29889999999999983
-2.4749999999999996,-2.275,-3.4046329500000003,0.0,0.0,-0.29889999999999983
-2.0249999999999995,-2.275,-3.4046329500000003,0.0,0.0,-0.29889999999999983
-1.5749999999999995,-2.275,-3.4046329500000003,0.0,0.0,-0.29889999999999983
-1.1249999999999993,-2.275,-3.4046329500000003,0.0,0.0,-0.29889999999999983
-0.6749999999999996,-2.275,-3.4046329500000003,0.0,0.0,-0.29889999999999983
-0.22499999999999948,-2.275,-3.4046329500000003,0.0,0.0,-0.29889999999999983
-4.725,-1.825,-3.4046329500000003,0.0,0.0,-0.29889999999999983
-4.2749999999999995,-1.825,-3.4046329500000003,0.0,0.0,-0.29889999999999983
-3.8249999999999997,-1.825,-3.4046329500000003,0.0,0.0,-0.29889999999999983
-3.3749999999999996,-1.825,-3.4046329500000003,0.0,0.0,-0.29889999999999983
-2.925,-1.825,-3.4046329500000003,0.0,0.0,-0.29889999999999983
-2.4749999999999996,-1.825,-3.4046329500000003,0.0,0.0,-0.29889999999999983
-2.0249999999999995,-1.825,-3.4046329500000003,0.0,0.0,-0.29889999999999983
-1.5749999999999995,-1.825,-3.4046329500000003,0.0,0.0,-0.29889999999999983
-1.1249999999999993,-1.825,-3.4046329500000003,0.0,0.0,-0.29889999999999983
-0.6749999999999996,-1.825,-3.4046329500000003,0.0,0.0,-0.29889999999999983
-0.22499999999999948,-1.825,-3.4046329500000003,0.0,0.0,-0.29889999999999983
-4.725,-1.3749999999999998,-3.4046329500000003,0.0,0.0,-0.29889999999999983
-4.2749999999999995,-1.3749999999999998,-3.4046329500000003,0.0,0.0,-0.29889999999999983
-3.8249999999999997,-1.3749999999999998,-3.4046329500000003,0.0,0.0,-0.29889999999999983
-3.3749999999999996,-1.3749999999999998,-3.4046329500000003,0.0,0.0,-0.29889999999999983
-2.925,-1.3749999999999998,-3.4046329500000003,0.0,0.0,-0.29889999999999983
-2.4749999999999996,-1.3749999999999998,-3.4046329500000003,0.0,0.0,-0.29889999999999983
-2.0249999999999995,-1.3749999999999998,-3.4046329500000003,0.0,0.0,-0.29889999999999983
-1.5749999999999995,-1.3749999999999998,-3.4046329500000003,0.0,0.0,-0.29889999999999983
-1.1249999999999993,-1.3749999999999998,-3.4046329500000003,0.0,0.0,-0.29889999999999983
-0.6749999999999996,-1.3749999999999998,-3.4046329500000003,0.0,0.0,-0.29889999999999983
-0.22499999999999948,-1.3749999999999998,-3.4046329500000003,0.0,0.0,-0.29889999999999983
-4.725,-0.9249999999999998,-3.4046329500000003,0.0,0.0,-0.29889999999999983
-4.2749999999999995,-0.9249999999999998,-3.4046329500000003,0.0,0.0,-0.29889999999999983
-3.8249999999999997,-0.9249999999999998,-3.4046329500000003,0.0,0.0,-0.29889999999999983
-3.3749999999999996,-0.9249999999999998,-3.4046329500000003,0.0,0.0,-0.29889999999999983
-2.925,-0.9249999999999998,-3.4046329500000003,0.0,0.0,-0.29889999999999983
-2.4749999999999996,-0.9249999999999998,-3.4046329500000003,0.0,0.0,-0.29889999999999983
-2.0249999999999995,-0.9249999999999998,-3.4046329500000003,0.0,0.0,-0.29889999999999983
-1.5749999999999995,-0.9249999999999998,-3.4046329500000003,0.0,0.0,-0.29889999999999983
-1.1249999999999993,-0.9249999999999998,-3.4046329500000003,0.0,0.0,-0.29889999999999983
-0.6749999999999996,-0.9249999999999998,-3.4046329500000003,0.0,0.0,-0.29889999999999983
-0.22499999999999948,-0.9249999999999998,-3.4046329500000003,0.0,0.0,-0.29889999999999983
-4.725,-0.4749999999999999,-3.4046329500000003,0.0,0.0,-0.29889999999999983
-4.2749999999999995,-0.4749999999999999,-3.4046329500000003,0.0,0.0,-0.29889999999999983
-3.8249999999999997,-0.4749999999999999,-3.4046329500000003,0.0,0.0,-0.29889999999999983
-3.3749999999999996,-0.4749999999999999,-3.4046329500000003,0.0,0.0,-0.29889999999999983
-2.925,-0.4749999999999999,-3.4046329500000003,0.0,0.0,-0.29889999999999983
-2.4749999999999996,-0.4749999999999999,-3.4046329500000003,0.0,0.0,-0.29889999999999983
-2.0249999999999995,-0.4749999999999999,-3.4046329500000003,0.0,0.0,-0.29889999999999983
-1.5749999999999995,-0.4749999999999999,-3.4046329500000003,0.0,0.0,-0.29889999999999983
-1.1249999999999993,-0.4749999999999999,-3.4046329500000003,0.0,0.0,-0.29889999999999983
-0.6749999999999996,-0.4749999999999999,-3.4046329500000003,0.0,0.0,-0.29889999999999983
-0.22499999999999948,-0.4749999999999999,-3.4046329500000003,0.0,0.0,-0.29889999999999983
-4.725,-0.02499999999999973,-3.4046329500000003,0.0,0.0,-0.29889999999999983
-4.2749999999999995,-0.02499999999999973,-3.4046329500000003,0.0,0.0,-0.29889999999999983
-3.8249999999999997,-0.02499999999999973,-3.4046329500000003,0.0,0.0,-0.29889999999999983
-3.3749999999999996,-0.02499999999999973,-3.4046329500000003,0.0,0.0,-0.29889999999999983
-2.925,-0.02499999999999973,-3.4046329500000003,0.0,0.0,-0.29889999999999983
-2.4749999999999996,-0.02499999999999973,-3.4046329500000003,0.0,0.0,-0.29889999999999983
-2.0249999999999995,-0.02499999999999973,-3.4046329500000003,0.0,0.0,-0.29889999999999983
-1.5749999999999995,-0.02499999999999973,-3.4046329500000003,0.0,0.0,-0.29889999999999983
-1.1249999999999993,-0.02499999999999973,-3.4046329500000003,0.0,0.0,-0.29889999999999983
-0.6749999999999996,-0.02499999999999973,-3.4046329500000003,0.0,0.0,-0.29889999999999983
-0.22499999999999948,-0.02499999999999973,-3.4046329500000003,0.0,0.0,-0.29889999999999983
-4.725,0.425,-3.4046329500000003,0.0,0.0,-0.29889999999999983
-4.2749999999999995,0.425,-3.4046329500000003,0.0,0.0,-0.29889999999999983
-3.8249999999999997,0.425,-3.4046329500000003,0.0,0.0,-0.29889999999999983
-3.3749999999999996,0.425,-3.4046329500000003,0.0,0.0,-0.29889999999999983
-2.925,0.425,-3.4046329500000003,0.0,0.0,-0.29889999999999983
-2.4749999999999996,0.425,-3.4046329500000003,0.0,0.0,-0.29889999999999983
-2.0249999999999995,0.425,-3.4046329500000003,0.0,0.0,-0.29889999999999983
-1.5749999999999995,0.425,-3.4046329500000003,0.0,0.0,-0.29889999999999983
-1.1249999999999993,0.425,-3.4046329500000003,0.0,0.0,-0.29889999999999983
-0.6749999999999996,0.425,-3.4046329500000003,0.0,0.0,-0.29889999999999983
-0.22499999999999948,0.425,-3.4046329500000003,0.0,0.0,-0.29889999999999983
-4.725,0.8750000000000002,-3.4046329500000003,0.0,0.0,-0.29889999999999983
-4.2749999999999995,0.8750000000000002,-3.4046329500000003,0.0,0.0,-0.29889999999999983
-3.8249999999999997,0.8750000000000002,-3.4046329500000003,0.0,0.0,-0.29889999999999983
-3.3749999999999996,0.8750000000000002,-3.4046329500000003,0.0,0.0,-0.29889999999999983
-2.925,0.8750000000000002,-3.4046329500000003,0.0,0.0,-0.29889999999999983
-2.4749999999999996,0.8750000000000002,-3.4046329500000003,0.0,0.0,-0.29889999999999983
-2.0249999999999995,0.8750000000000002,-3.4046329500000003,0.0,0.0,-0.29889999999999983
-1.5749999999999995,0.8750000000000002,-3.4046329500000003,0.0,0.0,-0.29889999999999983
-1.1249999999999993,0.8750000000000002,-3.4046329500000003,0.0,0.0,-0.29889999999999983
-0.6749999999999996,0.8750000000000002,-3.4046329500000003,0.0,0.0,-0.29889999999999983
-0.22499999999999948,0.8750000000000002,-3.4046329500000003,0.0,0.0,-0.29889999999999983
-4.725,1.325,-3.4046329500000003,0.0,0.0,-0.29889999999999983
-4.2749999999999995,1.325,-3.4046329500000003,0.0,0.0,-0.29889999999999983
-3.8249999999999997,1.325,-3.4046329500000003,0.0,0.0,-0.29889999999999983
-3.3749999999999996,1.325,-3.4046329500000003,0.0,0.0,-0.29889999999999983
-2.925,1.325,-3.4046329500000003,0.0,0.0,-0.29889999999999983
-2.4749999999999996,1.325,-3.4046329500000003,0.0,0.0,-0.29889999999999983
-2.0249999999999995,1.325,-3.4046329500000003,0.0,0.0,-0.29889999999999983
-1.5749999999999995,1.325,-3.4046329500000003,0.0,0.0,-0.29889999999999983
-1.1249999999999993,1.325,-3.4046329500000003,0.0,0.0,-0.29889999999999983
-0.6749999999999996,1.325,-3.4046329500000003,0.0,0.0,-0.29889999999999983
-0.22499999999999948,1.325,-3.4046329500000003,0.0,0.0,-0.29889999999999983
-4.725,1.7750000000000001,-3.4046329500000003,0.0,0.0,-0.29889999999999983
-4.2749999999999995,1.7750000000000001,-3.4046329500000003,0.0,0.0,-0.29889999999999983
-3.8249999999999997,1.7750000000000001,-3.4046329500000003,0.0,0.0,-0.29889999999999983
-3.3749999999999996,1.7750000000000001,-3.4046329500000003,0.0,0.0,-0.29889999999999983
-2.925,1.7750000000000001,-3.4046329500000003,0.0,0.0,-0.29889999999999983
-2.4749999999999996,1.7750000000000001,-3.4046329500000003,0.0,0.0,-0.29889999999999983
-2.0249999999999995,1.7750000000000001,-3.4046329500000003,0.0,0.0,-0.29889999999999983
-1.5749999999999995,1.7750000000000001,-3.4046329500000003,0.0,0.0,-0.29889999999999983
-1.1249999999999993,1.7750000000000001,-3.4046329500000003,0.0,0.0,-0.29889999999999983
-0.6749999999999996,1.7750000000000001,-3.4046329500000003,0.0,0.0,-0.29889999999999983
-0.22499999999999948,1.7750000000000001,-3.4046329500000003,0.0,0.0,-0.29889999999999983
-4.725,2.225,-3.4046329500000003,0.0,0.0,-0.29889999999999983
-4.2749999999999995,2.225,-3.4046329500000003,0.0,0.0,-0.29889999999999983
-3.8249999999999997,2.225,-3.4046329500000003,0.0,0.0,-0.29889999999999983
-3.3749999999999996,2.225,-3.4046329500000003,0.0,0.0,-0.29889999999999983
-2.925,2.225,-3.4046329500000003,0.0,0.0,-0.29889999999999983
-2.4749999999999996,2.225,-3.4046329500000003,0.0,0.0,-0.29889999999999983
-2.0249999999999995,2.225,-3.4046329500000003,0.0,0.0,-0.29889999999999983
-1.5749999999999995,2.225,-3.4046329500000003,0.0,0.0,-0.29889999999999983
-1.1249999999999993,2.225,-3.4046329500000003,0.0,0.0,-0.29889999999999983
-0.6749999999999996,2.225,-3.4046329500000003,0.0,0.0,-0.29889999999999983
-0.22499999999999948,2.225,-3.4046329500000003,0.0,0.0,-0.29889999999999983
-4.725,2.6750000000000003,-3.4046329500000003,0.0,0.0,-0.29889999999999983
-4.2749999999999995,2.6750000000000003,-3.4046329500000003,0.0,0.0,-0.29889999999999983
-3.8249999999999997,2.6750000000000003,-3.4046329500000003,0.0,0.0,-0.29889999999999983
-3.3749999999999996,2.6750000000000003,-3.4046329500000003,0.0,0.0,-0.29889999999999983
-2.925,2.6750000000000003,-3.4046329500000003,0.0,0.0,-0.29889999999999983
-2.4749999999999996,2.6750000000000003,-3.4046329500000003,0.0,0.0,-0.29889999999999983
-2.0249999999999995,2.6750000000000003,-3.4046329500000003,0.0,0.0,-0.29889999999999983
-1.5749999999999995,2.6750000000000003,-3.4046329500000003,0.0,0.0,-0.29889999999999983
-1.1249999999999993,2.6750000000000003,-3.4046329500000003,0.0,0.0,-0.29889999999999983
-0.6749999999999996,2.6750000000000003,-3.4046329500000003,0.0,0.0,-0.29889999999999983
-0.22499999999999948,2.6750000000000003,-3.4046329500000003,0.0,0.0,-0.29889999999999983
-4.7749999999999995,-2.775,-2.8546329500000005,0.0,0.0,-0.29889999999999983
-4.324999999999999,-2.775,-2.8546329500000005,0.0,0.0,-0.29889999999999983
-3.8749999999999996,-2.775,-2.8546329500000005,0.0,0.0,-0.29889999999999983
-3.4249999999999994,-2.775,-2.8546329500000005,0.0,0.0,-0.29889999999999983
-2.9749999999999996,-2.775,-2.8546329500000005,0.0,0.0,-0.29889999999999983
-2.5249999999999995,-2.775,-2.8546329500000005,0.0,0.0,-0.29889999999999983
-2.0749999999999993,-2.775,-2.8546329500000005,0.0,0.0,-0.29889999999999983
-1.6249999999999996,-2.775,-2.8546329500000005,0.0,0.0,-0.29889999999999983
-1.1749999999999994,-2.775,-2.8546329500000005,0.0,0.0,-0.29889999999999983
-0.7249999999999996,-2.775,-2.8546329500000005,0.0,0.0,-0.29889999999999983
-0.27499999999999947,-2.775,-2.8546329500000005,0.0,0.0,-0.29889999999999983
-4.7749999999999995,-2.3249999999999997,-2.8546329500000005,0.0,0.0,-0.29889999999999983
-4.324999999999999,-2.3249999999999997,-2.8546329500000005,0.0,0.0,-0.29889999999999983
-3.8749999999999996,-2.3249999999999997,-2.8546329500000005,0.0,0.0,-0.29889999999999983
-3.4249999999999994,-2.3249999999999997,-2.8546329500000005,0.0,0.0,-0.29889999999999983
-2.9749999999999996,-2.3249999999999997,-2.8546329500000005,0.0,0.0,-0.29889999999999983
-2.5249999999999995,-2.3249999999999997,-2.8546329500000005,0.0,0.0,-0.29889999999999983
-2.0749999999999993,-2.3249999999999997,-2.8546329500000005,0.0,0.0,-0.29889999999999983
-1.6249999999999996,-2.3249999999999997,-2.8546329500000005,0.0,0.0,-0.29889999999999983
-1.1749999999999994,-2.3249999999999997,-2.8546329500000005,0.0,0.0,-0.29889999999999983
-0.7249999999999996,-2.3249999999999997,-2.8546329500000005,0.0,0.0,-0.29889999999999983
-0.27499999999999947,-2.3249999999999997,-2.8546329500000005,0.0,0.0,-0.29889999999999983
-4.7749999999999995,-1.875,-2.8546329500000005,0.0,0.0,-0.29889999999999983
-4.324999999999999,-1.875,-2.8546329500000005,0.0,0.0,-0.29889999999999983
-3.8749999999999996,-1.875,-2.8546329500000005,0.0,0.0,-0.29889999999999983
-3.4249999999999994,-1.875,-2.8546329500000005,0.0,0.0,-0.29889999999999983
-2.9749999999999996,-1.875,-2.8546329500000005,0.0,0.0,-0.29889999999999983
-2.5249999999999995,-1.875,-2.8546329500000005,0.0,0.0,-0.29889999999999983
-2.0749999999999993,-1.875,-2.8546329500000005,0.0,0.0,-0.29889999999999983
-1.6249999999999996,-1.875,-2.8546329500000005,0.0,0.0,-0.29889999999999983
-1.1749999999999994,-1.875,-2.8546329500000005,0.0,0.0,-0.29889999999999983
-0.7249999999999996,-1.875,-2.8546329500000005,0.0,0.0,-0.29889999999999983
-0.27499999999999947,-1.875,-2.8546329500000005,0.0,0.0,-0.29889999999999983
-4.7749999999999995,-1.4249999999999998,-2.8546329500000005,0.0,0.0,-0.29889999999999983
-4.324999999999999,-1.4249999999999998,-2.8546329500000005,0.0,0.0,-0.29889999999999983
-3.8749999999999996,-1.4249999999999998,-2.8546329500000005,0.0,0.0,-0.29889999999999983
-3.4249999999999994,-1.4249999999999998,-2.8546329500000005,0.0,0.0,-0.29889999999999983
-2.9749999999999996,-1.4249999999999998,-2.8546329500000005,0.0,0.0,-0.29889999999999983
-2.5249999999999995,-1.4249999999999998,-2.8546329500000005,0.0,0.0,-0.29889999999999983
-2.0749999999999993,-1.4249999999999998,-2.8546329500000005,0.0,0.0,-0.29889999999999983
-1.6249999999999996,-1.4249999999999998,-2.8546329500000005,0.0,0.0,-0.29889999999999983
-1.1749999999999994,-1.4249999999999998,-2.8546329500000005,0.0,0.0,-0.29889999999999983
-0.7249999999999996,-1.4249999999999998,-2.8546329500000005,0.0,0.0,-0.29889999999999983
-0.27499999999999947,-1.4249999999999998,-2.8546329500000005,0.0,0.0,-0.29889999999999983
-4.7749999999999995,-0.9749999999999999,-2.8546329500000005,0.0,0.0,-0.29889999999999983
-4.324999999999999,-0.9749999999999999,-2.8546329500000005,0.0,0.0,-0.29889999999999983
-3.8749999999999996,-0.9749999999999999,-2.8546329500000005,0.0,0.0,-0.29889999999999983
-3.4249999999999994,-0.9749999999999999,-2.8546329500000005,0.0,0.0,-0.29889999999999983
-2.9749999999999996,-0.9749999999999999,-2.8546329500000005,0.0,0.0,-0.29889999999999983
-2.5249999999999995,-0.9749999999999999,-2.8546329500000005,0.0,0.0,-0.29889999999999983
-2.0749999999999993,-0.9749999999999999,-2.8546329500000005,0.0,0.0,-0.29889999999999983
-1.6249999999999996,-0.9749999999999999,-2.8546329500000005,0.0,0.0,-0.29889999999999983
-1.1749999999999994,-0.9749999999999999,-2.8546329500000005,0.0,0.0,-0.29889999999999983
-0.7249999999999996,-0.9749999999999999,-2.8546329500000005,0.0,0.0,-0.29889999999999983
-0.27499999999999947,-0.9749999999999999,-2.8546329500000005,0.0,0.0,-0.29889999999999983
-4.7749999999999995,-0.5249999999999999,-2.8546329500000005,0.0,0.0,-0.29889999999999983
-4.324999999999999,-0.5249999999999999,-2.8546329500000005,0.0,0.0,-0.29889999999999983
-3.8749999999999996,-0.5249999999999999,-2.8546329500000005,0.0,0.0,-0.29889999999999983
-3.4249999999999994,-0.5249999999999999,-2.8546329500000005,0.0,0.0,-0.29889999999999983
-2.9749999999999996,-0.5249999999999999,-2.8546329500000005,0.0,0.0,-0.29889999999999983
-2.5249999999999995,-0.5249999999999999,-2.8546329500000005,0.0,0.0,-0.29889999999999983
-2.0749999999999993,-0.5249999999999999,-2.8546329500000005,0.0,0.0,-0.29889999999999983
-1.6249999999999996,-0.5249999999999999,-2.8546329500000005,0.0,0.0,-0.29889999999999983
-1.1749999999999994,-0.5249999999999999,-2.8546329500000005,0.0,0.0,-0.29889999999999983
-0.7249999999999996,-0.5249999999999999,-2.8546329500000005,0.0,0.0,-0.29889999999999983
-0.27499999999999947,-0.5249999999999999,-2.8546329500000005,0.0,0.0,-0.29889999999999983
-4.7749999999999995,-0.07499999999999973,-2.8546329500000005,0.0,0.0,-0.29889999999999983
-4.324999999999999,-0.07499999999999973,-2.8546329500000005,0.0,0.0,-0.29889999999999983
-3.8749999999999996,-0.07499999999999973,-2.8546329500000005,0.0,0.0,-0.29889999999999983
-3.4249999999999994,-0.07499999999999973,-2.8546329500000005,0.0,0.0,-0.29889999999999983
-2.9749999999999996,-0.07499999999999973,-2.8546329500000005,0.0,0.0,-0.29889999999999983
-2.5249999999999995,-0.07499999999999973,-2.8546329500000005,0.0,0.0,-0.29889999999999983
-2.0749999999999993,-0.07499999999999973,-2.8546329500000005,0.0,0.0,-0.29889999999999983
-1.6249999999999996,-0.07499999999999973,-2.8546329500000005,0.0,0.0,-0.29889999999999983
-1.1749999999999994,-0.07499999999999973,-2.8546329500000005,0.0,0.0,-0.29889999999999983
-0.7249999999999996,-0.07499999999999973,-2.8546329500000005,0.0,0.0,-0.29889999999999983
-0.27499999999999947,-0.07499999999999973,-2.8546329500000005,0.0,0.0,-0.29889999999999983
-4.7749999999999995,0.375,-2.8546329500000005,0.0,0.0,-0.29889999999999983
-4.324999999999999,0.375,-2.8546329500000005,0.0,0.0,-0.29889999999999983
-3.8749999999999996,0.375,-2.8546329500000005,0.0,0.0,-0.29889999999999983
-3.4249999999999994,0.375,-2.8546329500000005,0.0,0.0,-0.29889999999999983
-2.9749999999999996,0.375,-2.8546329500000005,0.0,0.0,-0.29889999999999983
-2.5249999999999995,0.375,-2.8546329500000005,0.0,0.0,-0.29889999999999983
-2.0749999999999993,0.375,-2.8546329500000005,0.0,0.0,-0.29889999999999983
-1.6249999999999996,0.375,-2.8546329500000005,0.0,0.0,-0.29889999999999983
-1.1749999999999994,0.375,-2.8546329500000005,0.0,0.0,-0.29889999999999983
-0.7249999999999996,0.375,-2.8546329500000005,0.0,0.0,-0.29889999999999983
-0.27499999999999947,0.375,-2.8546329500000005,0.0,0.0,-0.29889999999999983
-4.7749999999999995,0.8250000000000002,-2.8546329500000005,0.0,0.0,-0.29889999999999983
-4.324999999999999,0.8250000000000002,-2.8546329500000005,0.0,0.0,-0.29889999999999983
-3.8749999999999996,0.8250000000000002,-2.8546329500000005,0.0,0.0,-0.29889999999999983
-3.4249999999999994,0.8250000000000002,-2.8546329500000005,0.0,0.0,-0.29889999999999983
-2.9749999999999996,0.8250000000000002,-2.8546329500000005,0.0,0.0,-0.29889999999999983
-2.5249999999999995,0.8250000000000002,-2.8546329500000005,0.0,0.0,-0.29889999999999983
-2.0749999999999993,0.8250000000000002,-2.8546329500000005,0.0,0.0,-0.29889999999999983
-1.6249999999999996,0.8250000000000002,-2.8546329500000005,0.0,0.0,-0.29889999999999983
-1.1749999999999994,0.8250000000000002,-2.8546329500000005,0.0,0.0,-0.29889999999999983
-0.7249999999999996,0.8250000000000002,-2.8546329500000005,0.0,0.0,-0.29889999999999983
-0.27499999999999947,0.8250000000000002,-2.8546329500000005,0.0,0.0,-0.29889999999999983
-4.7749999999999995,1.275,-2.8546329500000005,0.0,0.0,-0.29889999999999983
-4.324999999999999,1.275,-2.8546329500000005,0.0,0.0,-0.29889999999999983
-3.8749999999999996,1.275,-2.8546329500000005,0.0,0.0,-0.29889999999999983
-3.4249999999999994,1.275,-2.8546329500000005,0.0,0.0,-0.29889999999999983
-2.9749999999999996,1.275,-2.8546329500000005,0.0,0.0,-0.29889999999999983
-2.5249999999999995,1.275,-2.8546329500000005,0.0,0.0,-0.29889999999999983
-2.0749999999999993,1.275,-2.8546329500000005,0.0,0.0,-0.29889999999999983
-1.6249999999999996,1.275,-2.8546329500000005,0.0,0.0,-0.29889999999999983
-1.1749999999999994,1.275,-2.8546329500000005,0.0,0.0,-0.29889999999999983
-0.7249999999999996,1.275,-2.8546329500000005,0.0,0.0,-0.29889999999999983
-0.27499999999999947,1.275,-2.8546329500000005,0.0,0.0,-0.29889999999999983
-4.7749999999999995,1.725,-2.8546329500000005,0.0,0.0,-0.29889999999999983
-4.324999999999999,1.725,-2.8546329500000005,0.0,0.0,-0.29889999999999983
-3.8749999999999996,1.725,-2.8546329500000005,0.0,0.0,-0.29889999999999983
-3.4249999999999994,1.725,-2.8546329500000005,0.0,0.0,-0.29889999999999983
-2.9749999999999996,1.725,-2.8546329500000005,0.0,0.0,-0.29889999999999983
-2.5249999999999995,1.725,-2.8546329500000005,0.0,0.0,-0.29889999999999983
-2.0749999999999993,1.725,-2.8546329500000005,0.0,0.0,-0.29889999999999983
-1.6249999999999996,1.725,-2.8546329500000005,0.0,0.0,-0.29889999999999983
-1.1749999999999994,1.725,-2.8546329500000005,0.0,0.0,-0.29889999999999983
-0.7249999999999996,1.725,-2.8546329500000005,0.0,0.0,-0.29889999999999983
-0.27499999999999947,1.725,-2.8546329500000005,0.0,0.0,-0.29889999999999983
-4.7749999999999995,2.1750000000000003,-2.8546329500000005,0.0,0.0,-0.29889999999999983
-4.324999999999999,2.1750000000000003,-2.8546329500000005,0.0,0.0,-0.29889999999999983
-3.8749999999999996,2.1750000000000003,-2.8546329500000005,0.0,0.0,-0.29889999999999983
-3.4249999999999994,2.1750000000000003,-2.8546329500000005,0.0,0.0,-0.29889999999999983
-2.9749999999999996,2.1750000000000003,-2.8546329500000005,0.0,0.0,-0.29889999999999983
-2.5249999999999995,2.1750000000000003,-2.8546329500000005,0.0,0.0,-0.29889999999999983
-2.0749999999999993,2.1750000000000003,-2.8546329500000005,0.0,0.0,-0.29889999999999983
-1.6249999999999996,2.1750000000000003,-2.8546329500000005,0.0,0.0,-0.29889999999999983
-1.1749999999999994,2.1750000000000003,-2.8546329500000005,0.0,0.0,-0.29889999999999983
-0.7249999999999996,2.1750000000000003,-2.8546329500000005,0.0,0.0,-0.29889999999999983
-0.27499999999999947,2.1750000000000003,-2.8546329500000005,0.0,0.0,-0.29889999999999983
-4.7749999999999995,2.6250000000000004,-2.8546329500000005,0.0,0.0,-0.29889999999999983
-4.324999999999999,2.6250000000000004,-2.8546329500000005,0.0,0.0,-0.29889999999999983
-3.8749999999999996,2.6250000000000004,-2.8546329500000005,0.0,0.0,-0.29889999999999983
-3.4249999999999994,2.6250000000000004,-2.8546329500000005,0.0,0.0,-0.29889999999999983
-2.9749999999999996,2.6250000000000004,-2.8546329500000005,0.0,0.0,-0.29889999999999983
-2.5249999999999995,2.6250000000000004,-2.8546329500000005,0.0,0.0,-0.29889999999999983
-2.0749999999999993,2.6250000000000004,-2.8546329500000005,0.0,0.0,-0.29889999999999983
-1.6249999999999996,2.6250000000000004,-2.8546329500000005,0.0,0.0,-0.29889999999999983
-1.1749999999999994,2.6250000000000004,-2.8546329500000005,0.0,0.0,-0.29889999999999983
-0.7249999999999996,2.6250000000000004,-2.8546329500000005,0.0,0.0,-0.29889999999999983
-0.27499999999999947,2.6250000000000004,-2.8546329500000005,0.0,0.0,-0.29889999999999983
-4.725,-2.725,-2.30463295,0.0,0.0,-0.29889999999999983
-4.2749999999999995,-2.725,-2.30463295,0.0,0.0,-0.29889999999999983
-3.8249999999999997,-2.725,-2.30463295,0.0,0.0,-0.29889999999999983
-3.3749999999999996,-2.725,-2.30463295,0.0,0.0,-0.29889999999999983
-2.925,-2.725,-2.30463295,0.0,0.0,-0.29889999999999983
-2.4749999999999996,-2.725,-2.30463295,0.0,0.0,-0.29889999999999983
-2.0249999999999995,-2.725,-2.30463295,0.0,0.0,-0.29889999999999983
-1.5749999999999995,-2.725,-2.30463295,0.0,0.0,-0.29889999999999983
-1.1249999999999993,-2.725,-2.30463295,0.0,0.0,-0.29889999999999983
-0.6749999999999996,-2.725,-2.30463295,0.0,0.0,-0.29889999999999983
-0.22499999999999948,-2.725,-2.30463295,0.0,0.0,-0.29889999999999983
-4.725,-2.275,-2.30463295,0.0,0.0,-0.29889999999999983
-4.2749999999999995,-2.275,-2.30463295,0.0,0.0,-0.29889999999999983
-3.8249999999999997,-2.275,-2.30463295,0.0,0.0,-0.29889999999999983
-3.3749999999999996,-2.275,-2.30463295,0.0,0.0,-0.29889999999999983
-2.925,-2.275,-2.30463295,0.0,0.0,-0.29889999999999983
-2.4749999999999996,-2.275,-2.30463295,0.0,0.0,-0.29889999999999983
-2.0249999999999995,-2.275,-2.30463295,0.0,0.0,-0.29889999999999983
-1.5749999999999995,-2.275,-2.30463295,0.0,0.0,-0.29889999999999983
-1.1249999999999993,-2.275,-2.30463295,0.0,0.0,-0.29889999999999983
-0.6749999999999996,-2.275,-2.30463295,0.0,0.0,-0.29889999999999983
-0.22499999999999948,-2.275,-2.30463295,0.0,0.0,-0.29889999999999983
-4.725,-1.825,-2.30463295,0.0,0.0,-0.29889999999999983
-4.2749999999999995,-1.825,-2.30463295,0.0,0.0,-0.29889999999999983
-3.8249999999999997,-1.825,-2.30463295,0.0,0.0,-0.29889999999999983
-3.3749999999999996,-1.825,-2.30463295,0.0,0.0,-0.29889999999999983
-2.925,-1.825,-2.30463295,0.0,0.0,-0.29889999999999983
-2.4749999999999996,-1.825,-2.30463295,0.0,0.0,-0.29889999999999983
-2.0249999999999995,-1.825,-2.30463295,0.0,0.0,-0.29889999999999983
-1.5749999999999995,-1.825,-2.30463295,0.0,0.0,-0.29889999999999983
-1.1249999999999993,-1.825,-2.30463295,0.0,0.0,-0.29889999999999983
-0.6749999999999996,-1.825,-2.30463295,0.0,0.0,-0.29889999999999983
-0.22499999999999948,-1.825,-2.30463295,0.0,0.0,-0.29889999999999983
-4.725,-1.3749999999999998,-2.30463295,0.0,0.0,-0.29889999999999983
-4.2749999999999995,-1.3749999999999998,-2.30463295,0.0,0.0,-0.29889999999999983
-3.8249999999999997,-1.3749999999999998,-2.30463295,0.0,0.0,-0.29889999999999983
-3.3749999999999996,-1.3749999999999998,-2.30463295,0.0,0.0,-0.29889999999999983
-2.925,-1.3749999999999998,-2.30463295,0.0,0.0,-0.29889999999999983
-2.4749999999999996,-1.3749999999999998,-2.30463295,0.0,0.0,-0.29889999999999983
-2.0249999999999995,-1.3749999999999998,-2.30463295,0.0,0.0,-0.29889999999999983
-1.5749999999999995,-1.3749999999999998,-2.30463295,0.0,0.0,-0.29889999999999983
-1.1249999999999993,-1.3749999999999998,-2.30463295,0.0,0.0,-0.29889999999999983
-0.6749999999999996,-1.3749999999999998,-2.30463295,0.0,0.0,-0.29889999999999983
-0.22499999999999948,-1.3749999999999998,-2.30463295,0.0,0.0,-0.29889999999999983
-4.725,-0.9249999999999998,-2.30463295,0.0,0.0,-0.29889999999999983
-4.2749999999999995,-0.9249999999999998,-2.30463295,0.0,0.0,-0.29889999999999983
-3.8249999999999997,-0.9249999999999998,-2.30463295,0.0,0.0,-0.29889999999999983
-3.3749999999999996,-0.9249999999999998,-2.30463295,0.0,0.0,-0.29889999999999983
-2.925,-0.9249999999999998,-2.30463295,0.0,0.0,-0.29889999999999983
-2.4749999999999996,-0.9249999999999998,-2.30463295,0.0,0.0,-0.29889999999999983
-2.0249999999999995,-0.9249999999999998,-2.30463295,0.0,0.0,-0.29889999999999983
-1.5749999999999995,-0.9249999999999998,-2.30463295,0.0,0.0,-0.29889999999999983
-1.1249999999999993,-0.9249999999999998,-2.30463295,0.0,0.0,-0.29889999999999983
-0.6749999999999996,-0.9249999999999998,-2.30463295,0.0,0.0,-0.29889999999999983
-0.22499999999999948,-0.9249999999999998,-2.30463295,0.0,0.0,-0.29889999999999983
-4.725,-0.4749999999999999,-2.30463295,0.0,0.0,-0.29889999999999983
-4.2749999999999995,-0.4749999999999999,-2.30463295,0.0,0.0,-0.29889999999999983
-3.8249999999999997,-0.4749999999999999,-2.30463295,0.0,0.0,-0.29889999999999983
-3.3749999999999996,-0.4749999999999999,-2.30463295,0.0,0.0,-0.29889999999999983
-2.925,-0.4749999999999999,-2.30463295,0.0,0.0,-0.29889999999999983
-2.4749999999999996,-0.4749999999999999,-2.30463295,0.0,0.0,-0.29889999999999983
-2.0249999999999995,-0.4749999999999999,-2.30463295,0.0,0.0,-0.29889999999999983
-1.5749999999999995,-0.4749999999999999,-2.30463295,0.0,0.0,-0.29889999999999983
-1.1249999999999993,-0.4749999999999999,-2.30463295,0.0,0.0,-0.29889999999999983
-0.6749999999999996,-0.4749999999999999,-2.30463295,0.0,0.0,-0.29889999999999983
-0.22499999999999948,-0.4749999999999999,-2.30463295,0.0,0.0,-0.29889999999999983
-4.725,-0.02499999999999973,-2.30463295,0.0,0.0,-0.29889999999999983
-4.2749999999999995,-0.02499999999999973,-2.30463295,0.0,0.0,-0.29889999999999983
-3.8249999999999997,-0.02499999999999973,-2.30463295,0.0,0.0,-0.29889999999999983
-3.3749999999999996,-0.02499999999999973,-2.30463295,0.0,0.0,-0.29889999999999983
-2.925,-0.02499999999999973,-2.30463295,0.0,0.0,-0.29889999999999983
-2.4749999999999996,-0.02499999999999973,-2.30463295,0.0,0.0,-0.29889999999999983
-2.0249999999999995,-0.02499999999999973,-2.30463295,0.0,0.0,-0.29889999999999983
-1.5749999999999995,-0.02499999999999973,-2.30463295,0.0,0.0,-0.29889999999999983
-1.1249999999999993,-0.02499999999999973,-2.30463295,0.0,0.0,-0.29889999999999983
-0.6749999999999996,-0.02499999999999973,-2.30463295,0.0,0.0,-0.29889999999999983
-0.22499999999999948,-0.02499999999999973,-2.30463295,0.0,0.0,-0.29889999999999983
-4.725,0.425,-2.30463295,0.0,0.0,-0.29889999999999983
-4.2749999999999995,0.425,-2.30463295,0.0,0.0,-0.29889999999999983
-3.8249999999999997,0.425,-2.30463295,0.0,0.0,-0.29889999999999983
-3.3749999999999996,0.425,-2.30463295,0.0,0.0,-0.29889999999999983
-2.925,0.425,-2.30463295,0.0,0.0,-0.29889999999999983
-2.4749999999999996,0.425,-2.30463295,0.0,0.0,-0.29889999999999983
-2.0249999999999995,0.425,-2.30463295,0.0,0.0,-0.29889999999999983
-1.5749999999999995,0.425,-2.30463295,0.0,0.0,-0.29889999999999983
-1.1249999999999993,0.425,-2.30463295,0.0,0.0,-0.29889999999999983
-0.6749999999999996,0.425,-2.30463295,0.0,0.0,-0.29889999999999983
-0.22499999999999948,0.425,-2.30463295,0.0,0.0,-0.29889999999999983
-4.725,0.8750000000000002,-2.30463295,0.0,0.0,-0.29889999999999983
-4.2749999999999995,0.8750000000000002,-2.30463295,0.0,0.0,-0.29889999999999983
-3.8249999999999997,0.8750000000000002,-2.30463295,0.0,0.0,-0.29889999999999983
-3.3749999999999996,0.8750000000000002,-2.30463295,0.0,0.0,-0.29889999999999983
-2.925,0.8750000000000002,-2.30463295,0.0,0.0,-0.29889999999999983
-2.4749999999999996,0.8750000000000002,-2.30463295,0.0,0.0,-0.29889999999999983
-2.0249999999999995,0.8750000000000002,-2.30463295,0.0,0.0,-0.29889999999999983
-1.5749999999999995,0.8750000000000002,-2.30463295,0.0,0.0,-0.29889999999999983
-1.1249999999999993,0.8750000000000002,-2.30463295,0.0,0.0,-0.29889999999999983
-0.6749999999999996,0.8750000000000002,-2.30463295,0.0,0.0,-0.29889999999999983
-0.22499999999999948,0.8750000000000002,-2.30463295,0.0,0.0,-0.29889999999999983
-4.725,1.325,-2.30463295,0.0,0.0,-0.29889999999999983
-4.2749999999999995,1.325,-2.30463295,0.0,0.0,-0.29889999999999983
-3.8249999999999997,1.325,-2.30463295,0.0,0.0,-0.29889999999999983
-3.3749999999999996,1.325,-2.30463295,0.0,0.0,-0.29889999999999983
-2.925,1.325,-2.30463295,0.0,0.0,-0.29889999999999983
-2.4749999999999996,1.325,-2.30463295,0.0,0.0,-0.29889999999999983
-2.0249999999999995,1.325,-2.30463295,0.0,0.0,-0.29889999999999983
-1.5749999999999995,1.325,-2.30463295,0.0,0.0,-0.29889999999999983
-1.1249999999999993,1.325,-2.30463295,0.0,0.0,-0.29889999999999983
-0.6749999999999996,1.325,-2.30463295,0.0,0.0,-0.29889999999999983
-0.22499999999999948,1.325,-2.30463295,0.0,0.0,-0.29889999999999983
-4.725,1.7750000000000001,-2.30463295,0.0,0.0,-0.29889999999999983
-4.2749999999999995,1.7750000000000001,-2.30463295,0.0,0.0,-0.29889999999999983
-3.8249999999999997,1.7750000000000001,-2.30463295,0.0,0.0,-0.29889999999999983
-3.3749999999999996,1.7750000000000001,-2.30463295,0.0,0.0,-0.29889999999999983
-2.925,1.7750000000000001,-2.30463295,0.0,0.0,-0.29889999999999983
-2.4749999999999996,1.7750000000000001,-2.30463295,0.0,0.0,-0.29889999999999983
-2.0249999999999995,1.7750000000000001,-2.30463295,0.0,0.0,-0.29889999999999983
-1.5749999999999995,1.7750000000000001,-2.30463295,0.0,0.0,-0.29889999999999983
-1.1249999999999993,1.7750000000000001,-2.30463295,0.0,0.0,-0.29889999999999983
-0.6749999999999996,1.7750000000000001,-2.30463295,0.0,0.0,-0.29889999999999983
-0.22499999999999948,1.7750000000000001,-2.30463295,0.0,0.0,-0.29889999999999983
-4.725,2.225,-2.30463295,0.0,0.0,-0.29889999999999983
-4.2749999999999995,2.225,-2.30463295,0.0,0.0,-0.29889999999999983
-3.8249999999999997,2.225,-2.30463295,0.0,0.0,-0.29889999999999983
-3.3749999999999996,2.225,-2.30463295,0.0,0.0,-0.29889999999999983
-2.925,2.225,-2.30463295,0.0,0.0,-0.29889999999999983
-2.4749999999999996,2.225,-2.30463295,0.0,0.0,-0.29889999999999983
-2.0249999999999995,2.225,-2.30463295,0.0,0.0,-0.29889999999999983
-1.5749999999999995,2.225,-2.30463295,0.0,0.0,-0.29889999999999983
-1.1249999999999993,2.225,-2.30463295,0.0,0.0,-0.29889999999999983
-0.6749999999999996,2.225,-2.30463295,0.0,0.0,-0.29889999999999983
-0.22499999999999948,2.225,-2.30463295,0.0,0.0,-0.29889999999999983
-4.725,2.6750000000000003,-2.30463295,0.0,0.0,-0.29889999999999983
-4.2749999999999995,2.6750000000000003,-2.30463295,0.0,0.0,-0.29889999999999983
-3.8249999999999997,2.6750000000000003,-2.30463295,0.0,0.0,-0.29889999999999983
-3.3749999999999996,2.6750000000000003,-2.30463295,0.0,0.0,-0.29889999999999983
-2.925,2.6750000000000003,-2.30463295,0.0,0.0,-0.29889999999999983
-2.4749999999999996,2.6750000000000003,-2.30463295,0.0,0.0,-0.29889999999999983
-2.0249999999999995,2.6750000000000003,-2.30463295,0.0,0.0,-0.29889999999999983
-1.5749999999999995,2.6750000000000003,-2.30463295,0.0,0.0,-0.29889999999999983
-1.1249999999999993,2.6750000000000003,-2.30463295,0.0,0.0,-0.29889999999999983
-0.6749999999999996,2.6750000000000003,-2.30463295,0.0,0.0,-0.29889999999999983
-0.22499999999999948,2.6750000000000003,-2.30463295,0.0,0.0,-0.29889999999999983
-4.7749999999999995,-2.775,-1.7546329499999997,0.0,0.0,-0.29889999999999983
-4.324999999999999,-2.775,-1.7546329499999997,0.0,0.0,-0.29889999999999983
-3.8749999999999996,-2.775,-1.7546329499999997,0.0,0.0,-0.29889999999999983
-3.4249999999999994,-2.775,-1.7546329499999997,0.0,0.0,-0.29889999999999983
-2.9749999999999996,-2.775,-1.7546329499999997,0.0,0.0,-0.29889999999999983
-2.5249999999999995,-2.775,-1.7546329499999997,0.0,0.0,-0.29889999999999983
-2.0749999999999993,-2.775,-1.7546329499999997,0.0,0.0,-0.29889999999999983
-1.6249999999999996,-2.775,-1.7546329499999997,0.0,0.0,-0.29889999999999983
-1.1749999999999994,-2.775,-1.7546329499999997,0.0,0.0,-0.29889999999999983
-0.7249999999999996,-2.775,-1.7546329499999997,0.0,0.0,-0.29889999999999983
-0.27499999999999947,-2.775,-1.7546329499999997,0.0,0.0,-0.29889999999999983
-4.7749999999999995,-2.3249999999999997,-1.7546329499999997,0.0,0.0,-0.29889999999999983
-4.324999999999999,-2.3249999999999997,-1.7546329499999997,0.0,0.0,-0.29889999999999983
-3.8749999999999996,-2.3249999999999997,-1.7546329499999997,0.0,0.0,-0.29889999999999983
-3.4249999999999994,-2.3249999999999997,-1.7546329499999997,0.0,0.0,-0.29889999999999983
-2.9749999999999996,-2.3249999999999997,-1.7546329499999997,0.0,0.0,-0.29889999999999983
-2.5249999999999995,-2.3249999999999997,-1.7546329499999997,0.0,0.0,-0.29889999999999983
-2.0749999999999993,-2.3249999999999997,-1.7546329499999997,0.0,0.0,-0.29889999999999983
-1.6249999999999996,-2.3249999999999997,-1.7546329499999997,0.0,0.0,-0.29889999999999983
-1.1749999999999994,-2.3249999999999997,-1.7546329499999997,0.0,0.0,-0.29889999999999983
-0.7249999999999996,-2.3249999999999997,-1.7546329499999997,0.0,0.0,-0.29889999999999983
-0.27499999999999947,-2.3249999999999997,-1.7546329499999997,0.0,0.0,-0.29889999999999983
-4.7749999999999995,-1.875,-1.7546329499999997,0.0,0.0,-0.29889999999999983
-4.324999999999999,-1.875,-1.7546329499999997,0.0,0.0,-0.29889999999999983
-3.8749999999999996,-1.875,-1.7546329499999997,0.0,0.0,-0.29889999999999983
-3.4249999999999994,-1.875,-1.7546329499999997,0.0,0.0,-0.29889999999999983
-2.9749999999999996,-1.875,-1.7546329499999997,0.0,0.0,-0.29889999999999983
-2.5249999999999995,-1.875,-1.7546329499999997,0.0,0.0,-0.29889999999999983
-2.0749999999999993,-1.875,-1.7546329499999997,0.0,0.0,-0.29889999999999983
-1.6249999999999996,-1.875,-1.7546329499999997,0.0,0.0,-0.29889999999999983
-1.1749999999999994,-1.875,-1.7546329499999997,0.0,0.0,-0.29889999999999983
-0.7249999999999996,-1.875,-1.7546329499999997,0.0,0.0,-0.29889999999999983
-0.27499999999999947,-1.875,-1.7546329499999997,0.0,0.0,-0.29889999999999983
-4.7749999999999995,-1.4249999999999998,-1.7546329499999997,0.0,0.0,-0.29889999999999983
-4.324999999999999,-1.4249999999999998,-1.7546329499999997,0.0,0.0,-0.29889999999999983
-3.8749999999999996,-1.4249999999999998,-1.7546329499999997,0.0,0.0,-0.29889999999999983
-3.4249999999999994,-1.4249999999999998,-1.7546329499999997,0.0,0.0,-0.29889999999999983
-2.9749999999999996,-1.4249999999999998,-1.7546329499999997,0.0,0.0,-0.29889999999999983
-2.5249999999999995,-1.4249999999999998,-1.7546329499999997,0.0,0.0,-0.29889999999999983
-2.0749999999999993,-1.4249999999999998,-1.7546329499999997,0.0,0.0,-0.29889999999999983
-1.6249999999999996,-1.4249999999999998,-1.7546329499999997,0.0,0.0,-0.29889999999999983
-1.1749999999999994,-1.4249999999999998,-1.7546329499999997,0.0,0.0,-0.29889999999999983
-0.7249999999999996,-1.4249999999999998,-1.7546329499999997,0.0,0.0,-0.29889999999999983
-0.27499999999999947,-1.4249999999999998,-1.7546329499999997,0.0,0.0,-0.29889999999999983
-4.7749999999999995,-0.9749999999999999,-1.7546329499999997,0.0,0.0,-0.29889999999999983
-4.324999999999999,-0.9749999999999999,-1.7546329499999997,0.0,0.0,-0.29889999999999983
-3.8749999999999996,-0.9749999999999999,-1.7546329499999997,0.0,0.0,-0.29889999999999983
-3.4249999999999994,-0.9749999999999999,-1.7546329499999997,0.0,0.0,-0.29889999999999983
-2.9749999999999996,-0.9749999999999999,-1.7546329499999997,0.0,0.0,-0.29889999999999983
-2.5249999999999995,-0.9749999999999999,-1.7546329499999997,0.0,0.0,-0.29889999999999983
-2.0749999999999993,-0.9749999999999999,-1.7546329499999997,0.0,0.0,-0.29889999999999983
-1.6249999999999996,-0.9749999999999999,-1.7546329499999997,0.0,0.0,-0.29889999999999983
-1.1749999999999994,-0.9749999999999999,-1.7546329499999997,0.0,0.0,-0.29889999999999983
-0.7249999999999996,-0.9749999999999999,-1.7546329499999997,0.0,0.0,-0.29889999999999983
-0.27499999999999947,-0.9749999999999999,-1.7546329499999997,0.0,0.0,-0.29889999999999983
-4.7749999999999995,-0.5249999999999999,-1.7546329499999997,0.0,0.0,-0.29889999999999983
-4.324999999999999,-0.5249999999999999,-1.7546329499999997,0.0,0.0,-0.29889999999999983
-3.8749999999999996,-0.5249999999999999,-1.7546329499999997,0.0,0.0,-0.29889999999999983
-3.4249999999999994,-0.5249999999999999,-1.7546329499999997,0.0,0.0,-0.29889999999999983
-2.9749999999999996,-0.5249999999999999,-1.7546329499999997,0.0,0.0,-0.29889999999999983
-2.5249999999999995,-0.5249999999999999,-1.7546329499999997,0.0,0.0,-0.29889999999999983
-2.0749999999999993,-0.5249999999999999,-1.7546329499999997,0.0,0.0,-0.29889999999999983
-1.6249999999999996,-0.5249999999999999,-1.7546329499999997,0.0,0.0,-0.29889999999999983
-1.1749999999999994,-0.5249999999999999,-1.7546329499999997,0.0,0.0,-0.29889999999999983
-0.7249999999999996,-0.5249999999999999,-1.7546329499999997,0.0,0.0,-0.29889999999999983
-0.27499999999999947,-0.5249999999999999,-1.7546329499999997,0.0,0.0,-0.29889999999999983
-4.7749999999999995,-0.07499999999999973,-1.7546329499999997,0.0,0.0,-0.29889999999999983
-4.324999999999999,-0.07499999999999973,-1.7546329499999997,0.0,0.0,-0.29889999999999983
-3.8749999999999996,-0.07499999999999973,-1.7546329499999997,0.0,0.0,-0.29889999999999983
-3.4249999999999994,-0.07499999999999973,-1.7546329499999997,0.0,0.0,-0.29889999999999983
-2.9749999999999996,-0.07499999999999973,-1.7546329499999997,0.0,0.0,-0.29889999999999983
-2.5249999999999995,-0.07499999999999973,-1.7546329499999997,0.0,0.0,-0.29889999999999983
-2.0749999999999993,-0.07499999999999973,-1.7546329499999997,0.0,0.0,-0.29889999999999983
-1.6249999999999996,-0.07499999999999973,-1.7546329499999997,0.0,0.0,-0.29889999999999983
-1.1749999999999994,-0.07499999999999973,-1.7546329499999997,0.0,0.0,-0.29889999999999983
-0.7249999999999996,-0.07499999999999973,-1.7546329499999997,0.0,0.0,-0.29889999999999983
-0.27499999999999947,-0.07499999999999973,-1.7546329499999997,0.0,0.0,-0.29889999999999983
-4.7749999999999995,0.375,-1.7546329499999997,0.0,0.0,-0.29889999999999983
-4.324999999999999,0.375,-1.7546329499999997,0.0,0.0,-0.29889999999999983
-3.8749999999999996,0.375,-1.7546329499999997,0.0,0.0,-0.29889999999999983
-3.4249999999999994,0.375,-1.7546329499999997,0.0,0.0,-0.29889999999999983
-2.9749999999999996,0.375,-1.7546329499999997,0.0,0.0,-0.29889999999999983
-2.5249999999999995,0.375,-1.7546329499999997,0.0,0.0,-0.29889999999999983
-2.0749999999999993,0.375,-1.7546329499999997,0.0,0.0,-0.29889999999999983
-1.6249999999999996,0.375,-1.7546329499999997,0.0,0.0,-0.29889999999999983
-1.1749999999999994,0.375,-1.7546329499999997,0.0,0.0,-0.29889999999999983
-0.7249999999999996,0.375,-1.7546329499999997,0.0,0.0,-0.29889999999999983
-0.27499999999999947,0.375,-1.7546329499999997,0.0,0.0,-0.29889999999999983
-4.7749999999999995,0.8250000000000002,-1.7546329499999997,0.0,0.0,-0.29889999999999983
-4.324999999999999,0.8250000000000002,-1.7546329499999997,0.0,0.0,-0.29889999999999983
-3.8749999999999996,0.8250000000000002,-1.7546329499999997,0.0,0.0,-0.29889999999999983
-3.4249999999999994,0.8250000000000002,-1.7546329499999997,0.0,0.0,-0.29889999999999983
-2.9749999999999996,0.8250000000000002,-1.7546329499999997,0.0,0.0,-0.29889999999999983
-2.5249999999999995,0.8250000000000002,-1.7546329499999997,0.0,0.0,-0.29889999999999983
-2.0749999999999993,0.8250000000000002,-1.7546329499999997,0.0,0.0,-0.29889999999999983
-1.6249999999999996,0.8250000000000002,-1.7546329499999997,0.0,0.0,-0.29889999999999983
-1.1749999999999994,0.8250000000000002,-1.7546329499999997,0.0,0.0,-0.29889999999999983
-0.7249999999999996,0.8250000000000002,-1.7546329499999997,0.0,0.0,-0.29889999999999983
-0.27499999999999947,0.8250000000000002,-1.7546329499999997,0.0,0.0,-0.29889999999999983
-4.7749999999999995,1.275,-1.7546329499999997,0.0,0.0,-0.29889999999999983
-4.324999999999999,1.275,-1.7546329499999997,0.0,0.0,-0.29889999999999983
-3.8749999999999996,1.275,-1.7546329499999997,0.0,0.0,-0.29889999999999983
-3.4249999999999994,1.275,-1.7546329499999997,0.0,0.0,-0.29889999999999983
-2.9749999999999996,1.275,-1.7546329499999997,0.0,0.0,-0.29889999999999983
-2.5249999999999995,1.275,-1.7546329499999997,0.0,0.0,-0.29889999999999983
-2.0749999999999993,1.275,-1.7546329499999997,0.0,0.0,-0.29889999999999983
-1.6249999999999996,1.275,-1.7546329499999997,0.0,0.0,-0.29889999999999983
-1.1749999999999994,1.275,-1.7546329499999997,0.0,0.0,-0.29889999999999983
-0.7249999999999996,1.275,-1.7546329499999997,0.0,0.0,-0.29889999999999983
-0.27499999999999947,1.275,-1.7546329499999997,0.0,0.0,-0.29889999999999983
-4.7749999999999995,1.725,-1.7546329499999997,0.0,0.0,-0.29889999999999983
-4.324999999999999,1.725,-1.7546329499999997,0.0,0.0,-0.29889999999999983
-3.8749999999999996,1.725,-1.7546329499999997,0.0,0.0,-0.29889999999999983
-3.4249999999999994,1.725,-1.7546329499999997,0.0,0.0,-0.29889999999999983
-2.9749999999999996,1.725,-1.7546329499999997,0.0,0.0,-0.29889999999999983
-2.5249999999999995,1.725,-1.7546329499999997,0.0,0.0,-0.29889999999999983
-2.0749999999999993,1.725,-1.7546329499999997,0.0,0.0,-0.29889999999999983
-1.6249999999999996,1.725,-1.7546329499999997,0.0,0.0,-0.29889999999999983
-1.1749999999999994,1.725,-1.7546329499999997,0.0,0.0,-0.29889999999999983
-0.7249999999999996,1.725,-1.7546329499999997,0.0,0.0,-0.29889999999999983
-0.27499999999999947,1.725,-1.7546329499999997,0.0,0.0,-0.29889999999999983
-4.7749999999999995,2.1750000000000003,-1.7546329499999997,0.0,0.0,-0.29889999999999983
-4.324999999999999,2.1750000000000003,-1.7546329499999997,0.0,0.0,-0.29889999999999983
-3.8749999999999996,2.1750000000000003,-1.7546329499999997,0.0,0.0,-0.29889999999999983
-3.4249999999999994,2.1750000000000003,-1.7546329499999997,0.0,0.0,-0.29889999999999983
-2.9749999999999996,2.1750000000000003,-1.7546329499999997,0.0,0.0,-0.29889999999999983
-2.5249999999999995,2.1750000000000003,-1.7546329499999997,0.0,0.0,-0.29889999999999983
-2.0749999999999993,2.1750000000000003,-1.7546329499999997,0.0,0.0,-0.29889999999999983
-1.6249999999999996,2.1750000000000003,-1.7546329499999997,0.0,0.0,-0.29889999999999983
-1.1749999999999994,2.1750000000000003,-1.7546329499999997,0.0,0.0,-0.29889999999999983
-0.7249999999999996,2.1750000000000003,-1.7546329499999997,0.0,0.0,-0.29889999999999983
-0.27499999999999947,2.1750000000000003,-1.7546329499999997,0.0,0.0,-0.29889999999999983
-4.7749999999999995,2.6250000000000004,-1.7546329499999997,0.0,0.0,-0.29889999999999983
-4.324999999999999,2.6250000000000004,-1.7546329499999997,0.0,0.0,-0.29889999999999983
-3.8749999999999996,2.6250000000000004,-1.7546329499999997,0.0,0.0,-0.29889999999999983
-3.4249999999999994,2.6250000000000004,-1.7546329499999997,0.0,0.0,-0.29889999999999983
-2.9749999999999996,2.6250000000000004,-1.7546329499999997,0.0,0.0,-0.29889999999999983
-2.5249999999999995,2.6250000000000004,-1.7546329499999997,0.0,0.0,-0.29889999999999983
-2.0749999999999993,2.6250000000000004,-1.7546329499999997,0.0,0.0,-0.29889999999999983
-1.6249999999999996,2.6250000000000004,-1.7546329499999997,0.0,0.0,-0.29889999999999983
-1.1749999999999994,2.6250000000000004,-1.7546329499999997,0.0,0.0,-0.29889999999999983
-0.7249999999999996,2.6250000000000004,-1.7546329499999997,0.0,0.0,-0.29889999999999983
-0.27499999999999947,2.6250000000000004,-1.7546329499999997,0.0,0.0,-0.29889999999999983
