pos_x,pos_y,pos_z,vel_x,vel_y,vel_z
-2.7984629404128647,-2.7723581012219807,-1.240476369562545,-0.05375535667712188,-0.40593951064630757,-1.0222793393948224
-2.205493997440195,-2.4431421014201455,-1.3000312984127156,-0.39641262492757906,-0.2211997825341385,-0.006376731272669448
-2.4500691515594695,-2.1375713929784754,-1.2982359786265862,0.5568314435836307,-0.7312426964530425,0.07697058535658927
0.35562248946288616,-2.3969095562216696,-1.2999771772066875,-0.25426174474682406,-0.045317934613319476,-0.01148223274898408
-0.062398610543941836,-2.8001505496991577,-0.9659074988306064,-0.1456110679623163,-0.19782493432388995,-0.025879053311453824
0.5489118959008233,-2.797635822128824,-1.2988702325341426,-0.25208038111950387,-0.09336037642823604,-0.036724344566715264
1.7560768853655424,-2.4514595121735367,-1.3000320235538063,0.3645854871485873,-0.0620703235524125,-0.0004972482947737355
2.1567680743051545,-2.4464342738835203,-1.3000339464481157,-0.06335196530343316,-0.17482609052381526,-0.001356310983159373
-2.7819748518654412,-1.9321287045226412,-1.282928757180542,0.16741302278335565,0.34331295674586076,-0.6038306147991765
-1.0050443326731615,-2.083097594278812,-1.3000534177472156,-0.5048309788371942,0.04877247550103204,0.006574269230586811
-0.0590198151120913,-2.456442692553919,-1.3000360886193747,-0.08979820064751314,0.2968429341008868,-0.010471497845071023
0.0762195025843579,-1.205802292287553,-1.3000342904894784,-0.16470878327363941,0.05387944512441461,-0.006628118557234342
0.9111683232466934,-1.971894063037023,-1.3000279834862907,-0.1140425014916601,0.344900441624579,-0.0013797423553958276
1.353175756735477,-2.1045004334870314,-1.3000044641676307,-0.09438444936543477,0.03951759401701196,-0.08970433158647416
2.8003283644607704,-1.935399458535571,-1.2989052595316242,-0.34978855966639777,-0.1750909133400814,0.1660357356824253
2.7991999593463066,-1.106819478594894,-1.2980325196125753,-0.10387128276551846,-0.010439373998797286,0.17737306587350515
-2.7727252458518246,-1.5334561212233841,-1.2990928849671763,-0.2682837307837687,-0.013502872770926332,-0.368736731887313
-2.2423151403612622,-1.3729143556999148,-1.3000807427753127,-0.010343789386523571,0.18883807272598857,0.020199150988467356
-0.3186292188280468,-1.2180619134773236,-1.3000167617470162,-0.2476338237540941,0.0557096232414336,-7.735535932734432e-05
-0.09072740417379653,-0.6670321776052983,-1.3000174508569031,-0.08958266894235903,-0.13842168922874118,0.0019255382311638434
0.08570288391136464,-0.2915837966728058,-1.3000167849894761,-0.3473220135873201,-0.06403854275141069,-0.001096899467101209
0.34866131101998865,-0.896083401846244,-1.3000478095204304,-0.12814227902028924,0.029514358097615438,0.0018353580204334048
1.116772003881517,-1.6141490592822962,-1.3000293961959357,0.08330639896773469,-0.2367060429819776,-0.0016923919211753397
2.557815172610383,-0.03879433531894336,-0.9359025503256001,-0.2088889619094921,0.298747731796721,-0.6672919457041435
-2.792497522958187,-1.1411370172551611,-1.2851908919443131,-0.3361045305212541,-0.04142465044805272,-0.3950370505870655
-2.0711775364925256,-0.283686046083205,-1.3000125809723961,-0.14029790341975915,-0.34185250969772596,0.0008002745486557221
-1.7456587053409809,-0.5090537037646766,-1.3000471245687457,-0.04369971354322957,-0.09011228495077601,0.000944617380274659
-0.30840632279222147,-0.3301851257708054,-1.29999277564342,-0.059415303204703236,-0.1127666029272654,0.012016622176161512
0.41891155406070474,-0.5084252588922049,-1.3000267424669028,-0.13185134182763575,-0.13000640477099767,0.0063485442211436835
0.9006020597431833,-0.14497991793939755,-1.3000390286815187,-0.39068228913907693,-0.07726705700237367,-0.002291817196666452
2.4347332576342358,0.22159825211079506,-1.2997064218036298,-0.0971159885312221,0.20914200450780138,-0.05720177737037494
1.8699030911620127,-1.0113754688690093,-0.975144301329713,0.5015075955190099,-0.4844390243631685,-0.24086430130159425
-2.796786776112026,0.14063519681187725,-1.2991800994616909,0.20979031348149924,-0.0007480238904244968,0.12676708410485368
-1.9612447657028464,0.5649339050028922,-1.300036600334541,-0.22300694104395477,0.06798403318228866,-0.0011127968864640975
-1.0145328955173607,-0.16751072727812982,-1.3000225818040705,0.023629652821943087,0.019082207839915124,-0.0005478303377289243
-0.5011444779734825,0.7567100476249606,-1.3000247784083272,-0.2840891779600791,-0.15675243844195152,-0.001123430460913423
0.4986782679613154,-0.12097931908197117,-1.300020084812522,-0.017555028599264066,-0.2630032714584944,-0.0027811750411849477
0.781395380978994,0.635549905285055,-1.3000242624892315,0.18050327905217603,-0.0415101018414528,0.0041944905946092615
2.8001266634016857,0.8246602920681892,-1.2341654872339192,-0.12048936357245754,-0.3588995331256908,-0.47142543093690936
2.1326464354099848,1.5726532085070655,-0.7795417104008866,-0.3028433601852649,-0.06811912680753981,-0.11048396550239424
-2.7980998979953813,0.558067765709834,-1.2991932120925334,-0.0005925991072260877,-0.04575618487693866,-0.2786610368129606
-2.7906612894016076,1.9317436944289574,-1.2977338446768356,-0.28571469771715036,0.1869506268856173,-0.09544361975333678
-0.9722934291851865,0.7182482664684814,-1.3000148137042016,-0.2368235632377108,0.13039094762717368,-0.00048316795472261407
-1.008123631564862,1.6737931729062319,-1.3000339320740029,-0.1501068468015145,0.10305288222596622,-0.0006978855662953192
0.5260409214115429,0.28099418103214974,-1.3000099458020202,-0.026696696009896322,-0.1193338375677585,-0.0025243896520302043
0.28261142317527566,0.881271569154767,-1.3000018407166047,-0.19026807023689934,0.1283230822193756,0.0022667517567536376
2.449351207705754,1.0184578016592318,-1.3000191341163094,-0.0015354861257959637,-0.07638751779603521,0.003094476511728409
1.4563104995882052,2.279265753812106,-0.9771349622469758,-0.16460690990704263,0.09449462209717199,0.17878867292627454
-2.1381693645989293,0.9317364282688151,-1.3000403031156806,-0.07560101947793352,-0.32414007602777206,-0.002375350851395761
-2.005616586935282,2.4291340629874405,-1.300097961745101,-0.012985996635142336,0.12881247565790505,-0.048670463249430126
-2.7955851416802466,2.33865532791559,-1.2983359053687045,-0.2271554281280834,-0.5332283088195283,-0.18454363675883467
0.4446995917754307,2.45547529129057,-1.3000163035222387,-0.14561934954826486,0.16893946380728342,0.0007917589903313042
0.4258580228886385,1.3472633556495985,-1.3000403922634118,-0.07004946250819997,-0.1021249303637257,-0.0005781196903171312
1.2551988862419308,2.4532591988989627,-1.3000165006982696,-0.12861077113324348,0.14452958337251026,0.001070254031307659
1.2990266760143856,1.6790794032833845,-1.300026330243912,-0.0668919846921747,0.011403863252944296,0.0022830838639120426
2.798907594293064,2.561028472465658,-1.2994130684846896,0.11632956177526135,0.20359607898050824,-0.000493961416196822
-2.544101630051135,1.7318089597804047,-1.0566622265376304,-0.5628980432474344,-0.1904161204664715,-0.2632680160335675
-2.798275924117892,2.793404388369524,-1.26619280868837,0.12063461524001527,-0.22160577447131383,0.3724734695993219
-1.3650467111662947,2.7940756644545224,-1.2566021104958367,-0.09668417888779256,0.11220144339340367,-0.8117032622416541
-0.18597167547809132,2.7888751005028776,-1.281728009937987,-0.13640766347334238,0.06927890910966134,-0.23083143660857355
0.6538561860312117,2.79637570255806,-1.2366601675821318,-0.2743021080103606,-0.1339104195598505,0.010198969017215514
2.0753798883573333,2.789568114651078,-1.2946240987631148,0.15313998736006318,0.3855105334031212,0.7967044515215186
2.4752913320917327,2.7946924579270305,-1.3002726007479903,0.4407268092531481,0.04427891891512345,-0.0328580416375837
1.9223181249233083,1.7993886744226006,-1.0169493228857887,-0.2777198718335703,-0.04905996360957815,-0.0028723370563129205
-2.1783382189428573,-1.6536966423841246,-0.9750566924578355,-0.04928234321631073,0.13708220300313104,0.029715172666048794
-1.334276031622995,-2.7908757788150926,-1.2985106963562267,-0.16203336580576067,-0.24264668990168062,0.7192809920159302
0.11639175797113793,-2.081048061636039,-1.2993880822363726,0.10035171784379905,0.10547523062558141,-0.0016093845920839773
0.5200562883687057,-2.021640035345381,-1.3000242313503363,-0.07358539065226317,-0.07858538060589719,0.0023359812284475534
1.0676755273371317,-2.2319417324059354,-1.0526665425230526,-0.3244320915700068,0.3156167495536662,-0.11862394089398265
2.5727016097827513,-2.7998467172415937,-0.9641481061312228,-0.11050686121644503,0.17555634939094883,-0.07302655054304256
1.362228730835671,-1.2931788143289364,-1.2980727116650315,-0.1747130188425373,-0.0015032131094643228,0.07169246906969282
1.3867643851929419,-1.042380841613212,-0.9957364386681483,-0.1265375535730235,0.08850239024164586,0.06495158190939539
-2.79914356669001,-0.6913419597258228,-1.2999179449670648,-0.12357006551210445,-0.2969877243200736,-0.02804394535935126
-0.44999663242101356,-2.2916424854977855,-1.3000240242368741,-0.12009622124878132,-0.13282734412943029,0.0013750286478647856
-0.7812622315094809,-2.338651431483765,-1.0899760518521286,-0.4319617280724034,-0.3113231204326593,-0.1444295948596314
0.465280968448897,-1.3167040706850552,-1.300025736576799,-0.018911636185770353,0.1359150994669598,0.01566012896031762
0.883823065219593,-1.2979173984087613,-1.300026227366583,-0.03515586938830901,0.1983294321180296,-0.0017624558998970985
2.3703203785617815,-2.794736367696701,-1.2989103607212154,-0.0760705075633924,0.033065372091896895,0.12603599244165797
1.6594926762247943,-0.6036471080679142,-1.3000117898531536,-0.028339860531813345,0.013773126364806513,0.0032852857980164344
1.5336965633530733,-2.1112465931299114,-0.9034943746650411,0.5333328489571502,-0.07251011728018424,-0.6730048932869026
-2.4126834996165156,-0.05027462059883247,-1.3000122190267602,0.3010672408442696,-0.3768282459536122,-0.003193756773953986
-1.4575301008004002,-1.1109859586717274,-1.2996530177250047,0.06161380184328803,-0.1172370113617743,-0.005230603350758581
-0.5871063020016724,-0.9191418737459,-1.3000163699500389,-0.2953100703639058,-0.2036069888201088,0.0022462018087174404
-0.2257352154378206,0.060034344587409486,-1.3000222987392986,-0.059354124847968495,-0.09211553494968028,0.0007558535036469835
0.845622500754118,-0.5422500517938081,-1.3000346118756505,-0.01905032674617717,0.06852658623148775,-0.004521852558629445
1.2635406149010495,-0.5782758036019023,-1.3000246730296254,0.19879463573376385,0.06942912925999292,0.0031895832281751187
2.7713561064107872,-0.6949889243735594,-1.197170118022209,-0.19475686108803886,0.04209453552124751,-0.032798924573903335
2.6605768810166452,-1.3728356636542565,-0.9677540179031893,-0.34997659073619697,-0.39711536393702446,0.30097145693746225
-1.7113700518303854,-0.10956014735103056,-1.300014898921904,-0.3353503916276395,-0.04940431395460159,0.0016921567061738492
-1.8339577665625129,-1.2535442876838618,-1.2919821570669476,-0.5460563994038448,-0.05674823736392993,0.28208263840559433
-0.6273173710562137,-0.07814826474246538,-1.3000231017461128,-0.055496705691636145,-0.001476551992379404,-0.0013486764067356745
-0.2138845608070602,0.46023557658388026,-1.3000345894928196,0.010513989392420623,-0.05148853877958422,-9.038765107729933e-05
0.6884032765982145,-0.31811993921561343,-1.0171420891035017,-0.26065864735562216,0.29543428713915226,0.032452266407784265
2.0294160703377964,-0.4277526156212828,-1.2999963630693236,-0.029166428378159664,-0.12424742817366628,-0.03402107158291812
2.455600272624681,1.4172839486275723,-1.3000329577770515,-0.19190325491174032,-0.16113247089007549,-0.0004308108353420413
2.793276543666883,1.0986498841473973,-0.9141176383650204,0.17889244034704144,0.01503545334536266,-0.23688475205240667
-2.4512844972955303,0.3584344795166622,-1.3000288175163133,-0.03567607059938236,-0.16676480618298553,-0.0014388673732399985
-1.2958801066487056,0.4582827747608548,-1.3000212825371305,-0.12843410456998172,-0.15570358688808866,-0.0005625103875261969
-1.2204448829181243,1.3210693987341682,-1.2999777617844468,-0.15671064944277113,-0.42640913165984007,-0.016375378713799568
-0.11218079964981376,0.8438609020268556,-1.3000325845827116,-0.16432653565520364,-0.08537102698541092,4.9191623311288784e-05
0.16555876486974613,0.0988997541658819,-1.30003260377417,-0.10827767177605792,0.03369927793483637,-0.003296223587484432
1.6036182813158644,0.5334998763354194,-1.3000167800314313,-0.21774507336443402,-0.3665680386404034,0.026304450546716762
2.6695136743125096,1.7789303749739904,-1.3000475520238661,0.07142002040437909,0.14293542826397812,0.00019429112447103797
2.137740268077826,0.9105932536200452,-1.0258291362870675,-0.09076867368891578,-0.039032929935586845,0.015146813015368597
-2.4025418350773142,2.012583415000493,-1.3000210304465107,0.029759563563038962,0.17026772762391298,0.01334596981436945
-1.3571218619222918,0.8912383813394668,-1.300019133310062,-0.1718837741904755,-0.11965019476945006,-0.00440335964916946
-0.4712459279068916,1.8495822290590518,-1.3000208768026242,-0.08867627699061949,-0.10637870077232633,-0.0009762513918940835
0.04229050508581776,1.2166068927896048,-1.2995474558254534,-0.23003467383392928,-0.1627471049916082,0.0014099611227756986
0.8178978629368877,1.431014258506926,-1.3000245036193008,-0.17549215910642357,-0.20840902915410128,-0.0014947262305545267
1.6936757146896864,1.610445731799374,-1.3000171468613395,-0.06852953652269907,-0.12090803431110303,0.0025467362426770186
2.147254847040143,1.9887868694453974,-1.3000153838554906,-0.0967921338396961,0.16727097945774425,-0.005052877750613119
2.714440668794967,2.3691271766223587,-0.9644896217321965,0.21960525529731265,-0.3787952539902813,0.12029165901821622
-2.3844430139228954,2.8002119176209725,-1.3000984579747086,0.04610474790715033,-0.21039880589596524,-0.18510869223280269
-0.8163936020609948,2.025742998064237,-1.3000106287258448,0.005812062432045669,0.12017638364328778,0.007627293846255747
-0.9842113213555442,2.7963874274759886,-1.2885920808527063,-0.07360520203568299,0.08794759029344829,0.2427552574918633
0.6699100362983968,2.1070070020596017,-1.3000246015925296,0.059703446159846824,0.04753179190726158,0.04783940438533164
1.0472413612376916,2.7998297876849185,-1.2972569843977886,-0.4445907836897098,0.00908250437379121,0.08483947890568552
1.6702505425879333,1.2114226391233047,-1.2987280274862198,-0.35534424136083115,-0.125092657543675,-0.07622219354690711
2.4287600999702295,2.4066832702424192,-1.300051133993355,-0.08853573545098138,-0.0003220405884102151,0.05666026451623526
1.7795037378851593,2.606295400899056,-0.980944479871681,0.16870945555064007,0.16785975269667752,-0.22248822544105215
-1.393720699902881,2.258051485420235,-1.0401006681426561,0.026827304364520965,0.14513856312579088,-0.234034495911646
1.5355283727723565,0.02539660823915511,-1.0074777768446812,-0.4544775823968361,0.204346563707005,0.02766872229694677
-0.976395977688471,2.250076725538848,-1.0155820147750234,-0.1722879758000276,-0.20507041078861943,0.00970911226874872
0.2184828094293597,2.7922958777857736,-1.2985602298960903,-0.08163848218709605,-0.038731977276513604,0.0816233897520227
1.662645903246299,2.7997367283715184,-1.3002276957454786,-0.17374827348305585,-0.1588546496090317,-0.25205186091732673
0.9222900487799022,2.744870712891153,-0.9310421753981546,0.12700996311218582,-0.28953401548299096,0.13851157999589267
2.8001450634051244,1.9168980710141734,-0.9577833971900984,-0.10642423147930478,0.24091084184311926,0.006271950533300108
2.384378815052307,2.798682431348677,-0.9146525235330438,-0.20412100603254718,0.34216122615799216,-0.4213074383729881
-1.850108959286897,-2.3418521389666744,-1.197709549874442,-0.5261916338665432,0.23475261849425813,0.6065775776928877
-2.110582642707583,-2.7638621989288916,-1.0021962578984538,-0.01413137969499951,-0.072572637416671,0.8152880834446957
-0.6448767667775142,-2.645458101018579,-1.3000484899353661,-0.24548308489987797,0.029261585077563795,-0.03498516139981147
0.7737018808474269,-2.3618789738408457,-1.3000797938006674,-0.19149010770255742,0.2885991429758598,-0.02953824497777359
1.9472138675376254,-2.8000093703067006,-1.3000257462038016,0.08921518612563016,-0.3130696764157872,0.1442179681608574
1.2408398084382082,-2.799556095758659,-1.0430244722834014,-0.2788796302566238,0.19352864537798245,-0.016786116043952564
1.9546223132843925,-2.27023018154713,-1.0102291667296268,0.19551305831476337,0.47893273915258955,-0.3359470143598532
2.1408154405147974,-2.6720251739332985,-0.9751222446626284,0.04357480110406089,0.10583978698662228,-0.08616698718323505
-2.7972552632794554,-2.3297843286275506,-1.2874485120628238,-0.6687440927592203,-0.10831135406804208,-0.6940754885063386
-0.9785550755019442,-2.795889170547249,-1.1149970710924366,-0.28489395507837073,-0.03743854905642694,0.10738822150104242
-1.8568147415846703,-2.7574595047993697,-1.2851179928427834,0.34739239788450166,-0.11179787770764697,-0.22457465299100487
0.15328539608967715,-2.800054617312707,-1.2991207010512604,-0.44803175547589175,0.12241462108784378,-0.05957685348011086
0.2859495594821258,-1.6977889295475337,-1.3000383617634708,0.07450036967104774,0.052267418078223986,0.0001602821007769742
1.0670184978709423,-2.537938534755844,-0.8068221720519965,-0.44121001461444864,-0.046036174313723255,-0.09511303155024696
2.077412999037683,-1.2181830597465968,-1.2999917224892887,0.2077460354694065,0.19463548265542016,-0.0016894527311500309
1.281076831412617,-1.823857977671394,-1.0015390207989856,-0.08250942903869547,-0.2877683770491723,0.129084759645744
-2.69733645634925,-0.8998095154389507,-0.9759242534594731,-0.3998276924089507,0.08333040264216582,-0.13545888626951633
-2.4505589544957713,-0.48523300631835936,-1.2983425067700045,0.24356738764291525,-0.2148534461207843,0.060391761062034595
-0.7998657592677341,-1.2859946925524985,-1.2981392472460205,-0.14358965941185814,-0.13413286544746694,0.41549367644978236
-0.4258254179181866,-0.6608652583658918,-1.0482563235655489,0.1049082083354835,-0.38851043687499054,-0.2703388825706857
-0.10788578081651364,-0.4423341746719676,-0.9703583186817407,-0.16082249345676622,-0.03478077150814681,0.05949610156658793
0.7393829721246117,-0.9384763697424758,-1.3000436575581742,-0.10722669861265444,0.36988708971418155,-0.0019758687605346287
2.4039301697828432,-0.5687167178010253,-1.300019273646011,0.004435770402392673,0.13879821929225086,-0.0015194724508452097
2.4345131575954966,-0.9589790057254869,-1.2996979682304772,-0.18875932398563572,0.130649090541013,-0.03013704234715448
-2.627137708783415,0.4394141691932206,-0.9580466829556658,-0.19298925183007762,-0.28424695633235547,0.0003133988320136707
-2.1007036964172716,-0.6901732695537813,-1.2960845423208462,-0.1073002775707851,0.10047125375979964,-0.022231740952083273
-0.6770248689810365,-0.4892795015257724,-1.3000335691478655,-0.04296745408928607,0.11116075961430574,-0.004073767828019537
-0.8554169839614865,0.01789263527240321,-0.986629183336159,0.16924789940035337,0.01775211685916731,-0.13249539414515005
-0.010420729891533658,-0.061913295682406645,-0.9884859634140253,0.07505903584347035,-0.18685687096365342,0.0285436094952664
1.2979570484092995,-0.17328869034016958,-1.3000628345378251,-0.09853030892863118,0.023327127333690044,-0.011701024041483857
2.1135381003173315,-0.043497281493922735,-1.300011917613838,-0.019877385445311525,0.022888012220537195,0.0011164477182422008
2.39560170764582,1.219589426903837,-0.9624248676589808,-0.16317022201799036,-0.08478505251609411,0.06725417417852145
-2.7978697706458595,1.1263260241156765,-1.2996180549217362,-0.11047031513154748,-0.054609275940444714,0.08391451380124643
-2.521510750234269,0.8465332123883109,-1.3000134478306788,0.02962394691998173,-0.1554711977409096,-0.00509967806228048
-0.7182137982155394,0.8403695661378703,-0.9840164898565441,-0.26913578545908223,0.056256228079881634,0.11573253784383811
-0.5969065802321675,0.35616759568252265,-1.300016978358656,-0.12463824088654789,-0.04398861186741743,-0.0006788698324259406
-0.8598231553331186,-0.7838115167207049,-1.0339303032823655,-0.13740475792217471,-0.2373126886911939,0.2901672490813293
1.6939857680063173,-0.20730522321313508,-1.3000037300012934,0.033281361650221296,0.030628685977626028,-0.02944484877179722
1.854926393436087,0.8510259416171052,-1.3000412663674896,-0.17107654746073575,-0.18852809643616947,-0.0004515137996260706
2.798714820858845,1.2131091457312673,-1.296741979331325,0.04436377024413454,-0.24667692330879326,-0.33157618455690574
-2.798158366777391,0.8419587272073971,-1.0184854437635187,-0.09522014874355789,-0.03620239617474828,-0.060099516488604454
-1.7422583985831017,0.9690025158386976,-1.3000025293975126,-0.03901453305523061,-0.1387350650909364,0.0031306579902722277
-1.8188619650063773,1.680650773488789,-1.3000001094208782,-0.27661931513642884,0.010349054562726157,0.004648695808191286
-0.3539175282159747,1.1601776477346304,-1.3000238128707235,-0.2960011281315522,-0.14494921385943946,0.0004425184172470096
-0.1834954028804889,1.3194343711309384,-0.9819405518128937,-0.1604880859168927,-0.11813655819567033,0.10148598328432232
0.3250005306059474,1.8063566513309441,-0.9841081168016453,-0.25544492892413617,-0.333337026688432,-0.018861735637295554
2.0873502131662085,1.202944345028381,-1.3000092373981402,-0.33784725561382,-0.0734103175330626,-0.008865474187519427
2.7977832874767756,2.161154504698858,-1.2917777187165203,0.26056607395476,-0.10425469723792315,-0.038321862571429485
-2.2156486352623634,1.665534157666393,-1.3000244417001257,-0.1700636330339729,-0.043380517679220874,0.0006646935050693587
-1.6242066588365336,1.3399992598055839,-1.3000294609503018,-0.16703916873424157,-0.10677058721220697,0.003549472939600859
-1.209063029621032,2.0195941384416702,-1.3000419125662044,-0.017484454026948155,0.039447339072552434,-0.031274868115918064
0.28013296480455047,2.072455080060373,-1.3000191596643424,0.09064393438108911,0.1700220013510226,0.0019645895460071645
0.3556379790028451,2.772068058023484,-0.9396187152692919,-0.18676712500703116,0.05928407007859934,0.1851776240958428
0.6538020380515946,2.3551687817613955,-0.975254049082023,0.03843300966544106,-0.20233491505983583,-0.14159944546481848
2.0961438744964966,1.5945967040405933,-1.3000409274435527,-0.1515151936884418,0.07365539550963347,-0.007088918236155045
0.9917914272169829,0.6204017179737756,-0.9676956285372867,0.04247844551572048,-0.1640003299051531,0.19374893908380905
-2.781561294618071,2.5155322751129154,-0.9474620050402944,-0.07531721915791989,-0.32789217317084446,-0.0030477704194658193
0.47008154445325995,0.6233935298748536,-1.0577517676737012,0.03691454186767662,-0.20031308774410264,-0.03385445632004637
-2.111342809946999,2.701203986665348,-1.0343691567023996,-0.11548171944997272,-0.00816472481820895,-0.0044197769533143106
-1.6461375419295736,2.705083369939298,-0.9706536570850687,-0.365828575731083,0.3006019118541091,-0.18226074467860762
0.04197941766569337,2.4154854489255686,-1.3000350406617591,-0.31045299820584443,-0.04786487724275599,-0.01587143924298254
1.6453663302072774,2.3976709442989605,-1.3000357439067458,-0.043046234155513785,0.10490867035028924,-0.0023248383309717106
1.2711250245540882,1.0614501763571171,-0.9817103267176152,-0.08077011577952382,-0.3227869094232999,-0.07768252069580771
2.0346540797537997,2.3910308498791335,-1.3000236450026035,0.028956343858854247,0.03239539173811875,0.00021789654182151225
-1.1026911286228378,-2.4725635796972534,-1.2999618447970887,-0.4201190967308036,0.0565487343496023,-0.26921308812616124
-1.1815660986938943,-1.391680116415307,-1.29092450764797,0.083234457939296,-0.08152818073733979,-0.9990148896143972
-0.271801540709635,-2.795121527969202,-1.299879403517056,-0.2828107594074477,0.2554644779505291,0.26168135823798017
1.2025805513612668,-2.502410970861453,-1.3000408499111844,-0.28138622084626996,0.2528047023121784,-0.01107127925763293
1.5428470671276295,-2.793519223380665,-1.299797949431515,-0.037747479335340645,-0.20671767271014355,0.0714027446472323
2.6635019708095022,-1.7700175298037228,-0.9733520979047089,0.306284558313596,-0.00011938480214855097,0.36761797044754846
2.0277826686253833,-1.6301450722809978,-1.2915293617233368,-0.17425275525467174,0.012527071323370088,0.1470965268457102
-0.11530519538046248,-0.9725599874965827,-1.0527108816830895,-0.0850088480400397,-0.09825876591287643,0.03512086185554984
-2.5326176379549454,-1.3310831069400546,-1.0422596439238996,0.05020120012256921,-0.32580809372814584,-0.006444622947148323
-1.5533346904751932,-1.5347968203653737,-1.2856482068951571,-0.30634184720105945,0.32456386471343096,-0.6718170923345971
-0.24469927031051666,-1.9440837622182787,-1.3000346248792756,-0.07923738758975049,0.023495112321511188,0.005173871927471693
-0.09316409699944238,-1.5718927952896318,-1.300038455164896,-0.17835658115085334,0.013615293848193998,-0.00955500953686996
2.1157090097082087,-2.0340649053785387,-1.3000361408015444,-0.00447504210522687,0.288370481219182,-0.0017689862584236026
2.4803212259390555,-2.153386308211523,-1.300039428912247,-0.1488208093255431,0.004155383603921992,0.006393940792735692
0.4815503765620347,-1.7686595962712932,-0.9705005758836945,-0.26667924722214614,-0.24666827136286382,-0.04946733829848716
2.453576247364254,-2.429203484086276,-1.031715218759136,0.167792737914312,-0.08655939057110025,-0.21903705539311943
-2.798902301745639,-0.2766532085635157,-1.2748742042978782,-0.4441722411733903,0.09606770288741402,0.5624506451293544
-1.3345840000523015,0.06362647843659362,-1.3000148045754836,-0.12900293105141564,-0.25423198621644866,-0.00023266091114199116
-1.0653475548855011,-0.5598664240484709,-1.2999382377316693,0.13857835032951246,-0.024540135764248894,-0.05466712531455905
-0.25041590132754576,-1.430912251453709,-0.9705755115330219,-0.30843858212353414,-0.12250393202128464,-0.024750997093087958
0.1791976330694067,-0.7112802336852403,-1.001630599737655,-0.1418432854451397,-0.1418193104680888,0.2150966722978872
2.0476906257985266,0.4856787032764745,-1.3000289403109224,-0.11699364266621515,-0.18071375821370042,0.013484908794436886
2.5982685880415923,0.3835143737428277,-0.9547820557062524,-0.007863751380685518,-0.0642355825291913,-0.09527692539774524
1.733840226213823,-1.3678062364979446,-1.1791080162012104,-0.09837407883687681,-0.00789717137336695,-0.19095576642183743
-2.2826468815712375,0.18160138114840396,-0.9875566070345047,0.11877784267369668,-0.04094441065067641,-0.14851106560299449
-1.6086641965567128,0.6356126390045045,-1.1321483237164316,-0.12036462738982168,-0.006934632969514481,0.09948367921780937
-0.9729194417889013,0.22612439314826716,-1.300038762379284,-0.19142025773015509,0.0008592718874535657,-0.005059212476797285
-0.8870513234963494,-0.3823034825228149,-0.9864489057062129,-0.04921789903124795,-0.014368386876074129,0.025767447734606406
1.4877849677094168,-0.3716641526784949,-1.0093074067054923,-0.30315370433536726,-0.2560469722430494,0.42115143485613316
1.8831755756417905,-0.15794578275762602,-0.9575810861591989,-0.2522940866241938,-0.21488967093588582,0.37925474565648526
2.792417454191633,0.42849104578904607,-1.2993210090435154,0.2761317495291622,-0.4092675027368706,-0.06406321525683013
1.4853858979078134,-2.495535404966377,-1.016407014276029,0.2151989844572559,-0.24819418998959805,-0.21874278007015738
-2.782912858488836,1.5285838962898193,-1.2984543367150416,-0.4200394404877558,0.09747228637906916,-0.038743764992781676
-1.203438802491647,0.6664660392603617,-0.9750920389442159,0.13390257501752634,0.0069742660420110195,0.0978952822397997
-0.028835168173082883,0.3354757511934109,-0.9757891226522337,-0.004316760130543248,-0.19615273330997915,-0.1575220545295174
0.18170710401148227,0.494049574597129,-1.3000319455746705,0.0650849459146625,0.03069820787757541,0.0030087970537801497
1.1988572498318206,0.5783277997613795,-1.300004638549731,0.2887663552936775,-0.03767237060536618,-0.019700100074421373
1.0857743861396345,-0.3578168422148373,-1.0183098012618812,-0.21073407683590975,0.20202754457795014,-0.021463600128974667
2.521606832476079,0.8130828295866155,-0.8815998971272748,0.0361631077471175,-0.1559092359866235,0.3920882669693769
2.797658459373976,1.5173820867592236,-1.0344110968630043,0.41975948286988335,0.21350751442169771,-0.192476389198439
-2.236830387098406,1.43555040370773,-0.9791102148928609,-0.2544354417072131,0.1673373905101773,-0.07113797330792275
-1.4052897716940398,1.6701528602477425,-1.29997842033882,-0.13157627923226858,-0.12742960909361434,0.0036037714570395316
-0.6419766890135181,1.4717848561477447,-1.2999561478079547,-0.14014317300571727,-0.00042471631779887847,-0.029934694259089397
0.15271845424973599,1.6542609415163168,-1.3000405209901194,-0.057413783803682485,-0.18402585914064412,-0.0008199564222410439
0.5450137390427996,1.7254030749515368,-1.3000429542545047,-0.21380710244279308,-0.03315759584916234,0.001124192352922567
1.2039125134192448,1.2945863086030633,-1.3000167618544645,-0.1670414394803732,-0.026436026098996458,0.004953739560296535
1.9021077010483753,2.1957163871768137,-0.979158971184493,-0.1001893099631825,-0.1676169895134191,-0.1456674090882462
0.7301276832306689,0.07359637804775769,-1.0255416807723405,0.1504192308947528,-0.05137202060917096,0.055479514881863125
-2.4039753274192517,2.4072172266203724,-1.2996672009343453,-0.09098699244201175,0.12010955190810321,-0.00208468172587898
-1.599875218458919,2.463990888463666,-1.300032616965771,-0.09694602194146018,-0.11222321683184383,-0.0357165363356795
-0.7535166344154858,2.4150608317642765,-1.299978350105997,0.02116439067695107,-0.04609718391138988,-0.10176764503106185
-0.07408253482240655,1.7304881345097851,-0.9834579345693345,-0.013357757854075811,0.035021706553677,-0.0019611420153894028
0.7151240174861476,1.8846523620997553,-0.9741285574263665,0.021277294859867343,0.2695622973885624,-0.08745685423750656
1.7778612865148,0.1788363197249114,-1.2974502398479866,0.16546690992178445,-0.014324063400292882,0.5995165895187488
1.0547183041902346,2.3559152850130336,-0.9722143742534165,0.07388699995894943,-0.0816487718071927,0.060719913569815376
2.2323687656431286,2.4381272735902653,-0.959317643944588,-0.1042186705943312,-0.03756778160413426,0.056131165916167514
-0.4330784450312521,0.5263996521892103,-0.9796434680517878,-0.1862982843621827,-0.06974435792687046,0.01090403757930042
-0.9308983929127298,1.398877499651378,-1.0389731330960232,-0.2362367112996821,-0.02739476009489326,-0.03519238501273114
-0.6917428287668245,2.611831287858216,-0.9621392669660855,0.01104949993449817,-0.31582585746697217,0.025805045931429443
-0.2775136866340273,2.534121353684568,-1.011050608849852,-0.407653875503704,-0.07447668237061209,-0.07772718110966455
0.22351847564007352,2.2890156395683574,-0.9720005333322419,0.192124479148749,0.0014691653641742432,-0.08051311903351516
0.2975189799302769,-0.3315593803571661,-0.965166902724226,0.007326303343722719,0.17064877851481244,-0.046266797378638286
2.3750901261080912,1.7084547424307825,-1.0515400130767896,-0.2944514457215264,0.04033451980598917,0.014169608680672085
2.788212398146098,2.7920876139497626,-0.9785692765002477,-0.027969109172946763,0.14323697361471355,-0.09922540120722931
-1.916324436643372,0.3279160924204162,-0.9914763431770034,0.06967175590212482,-0.1930235730291322,-0.07295280926349615
-2.4066555967391126,-2.785167745151859,-1.2901337317156092,-0.43362601836697917,-0.34053597945802494,-0.020962174239055883
-0.38934328907738874,-2.553242836297531,-1.0075301470050921,-0.21569379745424783,0.19381539271786838,-0.13691166837870442
-2.0976953751144714,-1.989487184542445,-1.1941581493957274,0.24438801760708356,-0.5787680858049263,0.40342085096330693
-1.113647369970044,-1.7515599331150287,-0.9571177689800192,0.255577477353612,-0.19626790831089422,0.2760247804124197
0.20367106336713992,1.4154713939837495,-0.9877200995512911,0.0277961775688371,0.035918379217321106,-0.1172817291843732
2.3238837172337163,-1.9607419174788177,-0.9743108834856676,-0.4235642009021943,-0.5213179327861804,0.24930439709959207
2.775420017029766,-2.409912143092005,-1.2994965958167197,0.16132870584568537,-0.310841172313865,-0.10856689778272077
-2.463141715471714,-0.919005510941339,-1.2999981852194926,-0.5100056533263194,0.007479478218112911,0.01286657881861623
0.5546941078372429,-2.253234461378019,-0.9858484618729888,-0.13025683306170863,0.06667037299305945,0.03417018670163683
-0.9208614746916264,-1.6977238312891851,-1.3000157114720556,0.1936841788756262,-0.18292558116386773,-0.018572556204778556
-1.4671291598045713,-2.336625360069399,-1.2510506350982171,0.12511170052143897,0.5084504722288594,0.3502169357830535
0.15368651510981154,-1.4648910403180215,-1.0099260953352989,-0.04480307296836119,0.0947768301867818,-0.005139455324543781
2.791181674978432,-1.550091808338673,-1.3002739025518957,-0.07531224068461911,-0.2954551265549977,-0.12171891731246798
2.446450293408217,-1.3539353639894782,-1.3000121161867768,0.5115866195767571,0.0060564121602565656,0.007185856010309422
2.7702436813357543,-2.1580537235805877,-0.9831725494383615,-0.07403642477141961,-0.18563790604061212,0.1857241070949677
-1.7669132634212654,-0.8657980003264442,-1.1463373103521517,0.2996937697816707,-0.30189317054559645,-0.6505671483056058
-1.9446588085949508,-1.6426781545626017,-1.2891630604367539,0.04534969366772798,-0.630825162410746,0.10807672266619496
-1.9564322710278794,-0.517271428231759,-0.9741952644633156,0.09262074572724723,-0.5119129032917344,-0.08297724643903048
-0.43568847912735065,-1.869655223942217,-0.9295236134800678,-0.18508660957226625,-0.34240521646980787,-0.01709188123294858
1.522587041227742,-1.6769399344982028,-1.3001039683353153,-0.38108808212529943,-0.38217386333638537,0.24059992803076682
2.423824865634887,-1.7460998185496788,-1.299940198003529,-0.06725660310682281,0.02611023004585701,-0.07334762439361259
1.1260343374297743,-1.3741936499757168,-0.9903704893467267,-0.09813527078196194,0.0044249634504466145,0.00039321538643135353
1.9914032134118373,-0.8333829357806016,-1.2999631236931075,-0.27523152614011576,0.24005869850030764,0.04211144381666578
-2.334803218167407,-0.7276427419189216,-0.9529173678627292,-0.6459516331128627,0.2514015298661505,0.14195093229198377
-1.666405095374702,0.28393790278330855,-1.3000189831824749,-0.3298426318063375,0.06769208612242958,-0.004154642738578725
-2.2744417438832993,0.6348461233841187,-1.0721436288323316,-0.28738361659722417,-0.23073281977860036,0.24434708494935034
-1.0768506369651623,-0.9818560683943901,-1.2998852885006573,-0.11121172898792639,-0.41572544792149446,-0.08181782523224117
0.3260493226468957,-1.108194129715744,-0.9740711281201578,-0.08401291690048535,0.4080975758140116,0.07875045913697747
0.5732042355412061,-0.7338714609620433,-1.017771693350118,-0.04200720483123913,0.2730617881624842,0.03767179456726301
2.800410018185199,-1.0001473343756377,-0.8911301690573028,0.5278474531346863,0.15471696664819107,-0.5279904819383198
2.800188478811249,0.027498119080266673,-1.2828319539288289,0.13204465546830876,-0.04070171219951375,-0.2546500683212957
-2.3613786584742393,1.065149226630213,-1.0068685191712505,0.041764984290119676,0.07337612418078075,-0.22559797200055604
-2.6676374674921455,1.3210244312801338,-0.9783407300419562,-0.14622035212542284,0.1692512963663186,-0.08286428970860946
-0.854145280684157,0.46645286844187434,-1.009951649359931,-0.14780580201595603,0.01716010247450128,-0.02000180770759082
-1.2030708898263078,0.24458258463144797,-0.9753042658136484,-0.11525491345188771,-0.10670601196485399,-0.10624436745079534
-1.2348812906244766,-0.17364619037109658,-0.9696855083547115,0.04506973694196221,-0.08079448121907029,0.05024369896143246
0.6552748360319934,1.0148181964962621,-1.300038899172362,-0.30347786489964645,-0.10936887658954002,0.005356416570367356
1.3943878472811968,0.44958975768879367,-0.9796081344232397,-0.19662312346471703,0.14043362998788453,0.32264226137641083
2.4315816169145115,0.6251135572349431,-1.2999519677422902,-0.20362240799604803,-0.19770507923199104,0.017147543296637566
-0.3283647819081832,0.919449585387107,-0.9789129525599166,-0.314839590966314,-0.027050164913482614,0.030370419552574687
-2.0254438106208235,1.3118620090935618,-1.3000127691846495,-0.3539221409101562,-0.11054025104356023,0.00031551627713409736
-0.7486878910273378,1.0827788050123763,-1.3000207162328254,-0.1855496191057481,0.22209465060921485,0.0016749983773387798
0.0889171479503434,0.714463023407272,-0.9863248353981611,0.2523916392933264,-0.08494043721684684,-0.12329728647759272
0.9560641111241043,0.2661231207957993,-1.2979229480736012,0.11274632737961444,-0.25571377732000466,0.3441459305286191
1.436062863952479,0.8946362604958936,-1.3000170744331232,-0.19474074636478145,-0.21887045264331778,0.0007163288149952391
1.4627542030352885,1.4343089085285259,-1.0334222992196598,-0.1281716414900577,-0.023891490248571647,0.10706800574252308
2.2789544336220886,-0.3160890342006068,-0.97215781356877,-0.15331004250859234,0.058721843999664,-0.9676861139649281
-2.0036860471540727,2.031340786477686,-1.3000266384871917,0.028692786547584767,0.01806196150569788,0.006631034366648213
-1.2041806393760925,1.7977657671090423,-0.9756388854708763,-0.24764819088178966,-0.09179096820232183,0.07737955155737841
-1.6035751928624575,2.010721652084278,-1.2999834330374325,-0.12057986246767863,0.1428711788069182,-0.07734347242580825
-0.09705572750027307,1.9680084220152767,-1.3000251716432767,-0.04082378319160407,0.05175715559797441,-0.0030600179768297754
-0.15169095455744264,2.1524634853781803,-0.9580824856699673,-0.15319783354808963,0.08773114457165293,-0.08675406414106215
0.5921097748064097,1.5076606967866184,-0.9798595681892261,0.003911408245914577,-0.13991602407958534,0.015715746982862253
0.9306625852233233,1.8094257778510072,-1.300024273489654,-0.321415507429256,0.12758285880862383,-0.0012154686539247565
2.472000183801198,2.0800882772389966,-1.0959250508634073,-0.1937539536279845,-0.013970186549090416,0.03864623126331749
-2.0416101890269847,1.8041717299893576,-0.9696921205135532,-0.248748563820493,-0.05280698583476608,-0.008963865846098326
-1.8373968495905786,2.795187563962567,-1.299794868361307,-0.2340852078667234,0.004297193573701787,-0.23926515204632504
-1.1669432402893458,2.4504294979998344,-1.2999393978359206,-0.08867367542873918,-0.08447685358725093,-0.36325650694176886
-0.5600119150423207,2.112745168679808,-1.0088820412107902,-0.3179458936362077,-0.1666971092450022,0.019720107116499488
0.8543736464614028,2.456082655297638,-1.3000706795463515,0.004349785788193396,0.11977822405821453,0.011704057224654806
1.1269874653732774,1.9667153418438021,-0.9949373016349345,-0.062140634675889594,-0.12120302484113324,-0.07852540016273604
1.8829625469884264,1.373341491744034,-1.0055809879789583,-0.11983027064902729,0.3698484166079589,-0.3337379499040023
1.6591650527029664,0.9592737087530517,-0.9787713198836518,-0.13530002921071901,0.2389951837428037,-0.00825399338138738
-0.16367335200106992,-2.2100423981446546,-1.0163513175461252,-0.5042877699715456,0.1983087960176499,0.02116987909436395
-0.7559162051477546,-1.536039968140987,-0.9776778668128396,-0.08705749293678959,-0.12334933279925035,0.10693551125144074
-0.0003097392965287053,-1.8285354387381332,-1.0170264428679958,0.017567924130719594,-0.1362240799567492,0.07969145026117355
-0.49945651878146863,-1.5668552804676759,-1.2978240054608317,0.11863288732719972,-0.2795307035516483,-0.07631355782911417
0.3355159666712274,-2.6329392069377824,-0.985378233295593,-0.23184586572501406,-0.07988350549828077,0.3457283916177357
0.6817736751213239,-1.6428225827267846,-1.2997472900971476,-0.37126668581868244,0.1913666669991825,-0.0023019251376921335
1.7312835433541818,-2.0063081888061456,-1.2286122330198639,0.17917253868180055,-0.19205196961569798,-0.8614115746685618
1.7973048950389072,-1.7067394813815604,-0.9719164299191089,-0.39113647394884615,0.14814233800135285,-1.2362316063710548
-2.4145048223541012,-1.7451393553910997,-1.288702433087091,0.6268477379982134,-0.019384532453485013,0.0019287483265986614
-2.116517550556651,-1.0441293144346329,-1.1158465188044169,-0.1806614856898701,-0.08052339468047853,-0.40350799746099686
-1.322560769744192,-1.8483653360302967,-1.2923606646264056,-0.1303799263604092,0.31509180581410334,-0.15800666051553636
-1.4142127863056522,-0.71790999065949,-1.2218289754023397,0.09889536688805868,-0.38139302282709664,-1.0599957193118505
0.9421088743485272,-2.800016930610526,-1.2981500827399872,-0.1453539335921987,-0.03310665135042844,-0.09695034133683987
1.1370456608945065,-0.9568019246615037,-1.2999682925783134,-0.14143106504013062,0.05498897976375967,0.0027789507437284483
2.2553158656865087,-1.5561144368497524,-0.9893993948358262,-0.056172737602573776,0.0185274713632114,0.07637929654759595
1.8882718551478606,-0.594761736178089,-0.9722369212561791,-0.16718178588400634,-0.0468542290605034,0.14275090442230676
-0.6267424427215206,-1.9428720645574906,-1.2846200781786326,-0.11518073827630801,-0.4374447640053893,-0.5450889393662401
-2.3172126319778887,-0.2849616675487632,-0.9902018929014638,-0.29951298436259505,-0.04145060697339958,0.0673192998078369
-1.6954853780855363,-1.9707525701052575,-1.2486284432659946,0.19529369981944553,0.4801793249411517,-0.13229689954536078
0.737989292827924,-2.6255609130364244,-1.0042362848018638,-0.27005139500125735,0.03594452227616127,0.29361438977509635
0.8802888693431072,-1.7527068007930398,-0.9611438952880101,-0.16465103445135953,-0.2696283191671922,0.1441349960416326
2.251609295503602,-0.7581600145648133,-0.9847615039752539,-0.2721761646665243,-0.051229178768948856,-0.14791932478037298
1.631220352402511,-1.0004966889209816,-1.3000251399932856,-0.23972977816954538,0.03341788753845691,0.0021653845203823963
2.790451036920332,-2.7988016116926153,-1.2998576844563228,0.048927505272213456,0.05733409392394272,-0.19950392990148882
-1.3867105894045921,-0.3308225605795894,-1.3000795136434384,-0.13674683066828616,-0.1770657853255807,-0.1376536939225966
-2.644645270928303,-0.025942146623963318,-0.9705228525519196,0.061072230681454176,-0.0767992160265449,-0.11074706573414766
-1.9279323568628337,0.8207369962771526,-0.9899297021922323,-0.3127548202894072,0.22877535160154955,0.28828920926582086
-1.56363030516297,0.06627954881157987,-0.9751179669089385,-0.16105367278650784,-0.039872087899077466,0.1041591148321694
0.7189642404062647,-1.1810300269947465,-0.9637735794432067,-0.2405904016517512,0.24102640931893982,0.12967191508036863
1.0417428963926438,0.9352737552175829,-1.2999772017772318,-0.2697438396690186,-0.0024369858718184655,-0.03681526688323607
2.291075667816505,-1.1546553988838766,-0.9766663452185923,0.3200961670427221,0.000762569325522363,0.0040889872302286015
2.700944785657458,-0.5649717789848079,-0.774948159919354,-0.6222081219395363,0.25922146074518526,1.0006936696933333
-2.443735908667613,1.3234643063123286,-1.3000502033062533,-0.3487650344184776,0.10129695342544995,0.008512214815429357
-2.0547234489188657,0.11312864263630543,-1.2993789770534647,-0.005563458937047198,-0.1100216429643109,-0.044501117172463425
-1.4407938696059306,1.1605148124958662,-1.0037866258035926,-0.10229298010543095,-0.1177703732598236,0.01252532450932264
-0.47223392713982476,0.11999881430428554,-0.995584294173327,0.05972023643052645,-0.019520454005566422,0.04797520833378547
1.3577724499758612,0.22067843462129508,-1.3000420879371337,0.1058717153061281,-0.05438880871939697,-0.004950967003894572
2.236020858565172,0.5400614360273791,-0.9524353573767677,0.04099179066502129,0.2342689061012828,-0.05631679023640573
0.08709318553026602,1.0737632967150115,-0.828011697893784,-0.13170707141967858,-0.11697418193611729,-0.14978855155423673
2.483343088946182,-0.18867433770786793,-1.2834097397484534,-0.26877598915046697,0.30233037134971,-1.0819192759344471
-0.3493764418782866,2.275556672485634,-1.2998150297886568,0.3770973036330168,-0.1702072523934961,0.003724100864312461
-1.067426829179532,1.0290890494791602,-1.0677507769512429,-0.2544887519390601,0.06912201612696582,0.12724647951904802
-0.7301825260197596,1.7405252611638138,-1.019617504570043,-0.170422188236292,0.19124087433134673,-0.21276140122182527
1.1317301590559021,0.04254516055503364,-1.0159542021465133,-0.4074258028431132,0.4900175232108124,0.08595761255300759
0.9917369016024427,-0.7488014587785031,-0.9942073422159857,0.08507835735159759,-0.022360363017960697,-0.021814741643663045
0.449198707488559,1.1089202494175523,-0.979979012204384,-0.11769852188911162,-0.07639739936856989,-0.02936247931060824
2.0306239583512986,0.20604800969052375,-0.9988905252393078,-0.19045389021871614,0.2960346315629207,0.06742596569926826
1.8431599636142455,0.6110608467449051,-0.9907201339235004,0.09499622767080293,0.14648007678321842,-0.1654345284853128
-1.792399966446886,2.238994971527349,-1.031735074482043,-0.05518003057608057,0.033305146627281845,0.11051381815672842
-2.1957770535191057,2.2291392200462496,-1.0123394099651826,-0.27749084696902204,0.12633091959097334,0.028383939009425495
-1.6069310612686436,1.7919244801380225,-0.9782567958714075,-0.23978026269260896,0.42286309596175653,-0.17689270566476506
-0.2307929749538758,1.5392438733382876,-1.3000283910067758,0.05684117421638065,-0.2084357347843419,0.002594822502733503
0.8842327872029733,1.1595973521620326,-1.0146455959871599,-0.10674073915488527,-0.1388320014818192,0.09013557578817277
1.5233083997717354,1.8394979595334182,-1.0208521068418952,0.15761122742596864,0.050197179139040954,-0.045838752692297
0.3518193107321978,0.1676822241513319,-0.9557086712263272,-0.06997925006696379,0.02502428424134694,-0.133309125212492
1.749280324318154,2.013829780634883,-1.3000247989135307,-0.17286720469046912,-0.10632534874605563,-0.0014121924402874712
-2.4883406951561944,2.7756533960294085,-0.9259125586095696,0.09430828166147591,-0.15048038959829904,0.269913568895523
-2.6279661011346707,2.1231180286460827,-0.9934032332085299,-0.5299450217675655,-0.31802669971862607,-0.10605717090457609
-0.583549675095548,2.7961919296569375,-1.2988395700877353,-0.39566901473976274,0.18867503346494516,-0.1783519450768684
-0.5745341887248542,1.239134488150818,-0.9822512525298931,-0.2927568707232389,-0.005352337838531216,0.1610848794670938
1.0504547242485043,1.5278876768016674,-0.9969974461750681,-0.2745282870321299,0.23769685724039297,-0.1875006763464708
1.3549704867682113,2.7934348396900464,-1.0526064295461617,-0.03929982756779903,-0.8732163389966847,-0.11302717751429676
1.3568862201189422,2.0739075583116953,-1.300023884647328,-0.23425331101124022,0.22726319728190042,-0.00027980381410240486
-1.8312253433823082,1.406608057459912,-0.9668701598916448,-0.1811771774953167,0.1090744291409481,-0.09087513386750697
